mob	1	토끼	21	29	2	100	5	10	0	2000	5	0	0	-	40:토끼고기:1:1	
mob	2	다람쥐	25	9	0	100	5	10	0	2000	10	0	0	-	40:도토리:1:1	
mob	3	소	27	5	0	1000	50	100	0	2000	100	0	0	-	40:쇠고기:1:1	
mob	4	암사슴	88	5	0	500	50	100	0	2000	50	0	0	-	40:사슴고기:1:1	
mob	5	숫사슴	89	5	0	500	50	100	0	2000	50	0	0	-	40:녹용:1:1	
mob	6	꽃사슴	1601	0	0	2000	50	100	0	2000	200	0	0	-	40:최고의녹용:1:1	
mob	7	반지황담비	632	0	0	10000	5	10	0	2000	10	0	0	-	25:파란색반지'1성:1:1	25:보라색반지'1성:1:1	25:퇴마반지'1성:1:1	
mob	8	모래청뱀	26	2	4	22500	112	220	0	2000	450000	0	0	-	
mob	9	모래백사	33	29	4	25000	120	250	0	2000	500000	0	0	-	
mob	10	사막살모사	617	22	4	90000	450	900	0	2000	900000	0	0	-	100:살화검'1성:1:1	
mob	11	유령	167	29	4	24000	1200	2400	0	1000	480000	0	0	-	25:호박:1:1	
mob	12	초급유령	167	2	4	24000	1200	2400	0	1000	480000	0	0	-	25:호박:1:1	
mob	13	중급유령	167	29	4	26000	1300	2600	0	1000	520000	0	0	-	25:호박:1:1	
mob	14	고급유령	167	2	4	28000	1400	2800	0	1000	560000	0	0	-	25:호박:1:1	
mob	15	유령전사	167	7	4	30000	1500	3000	0	1000	600000	0	0	-	100:현철중검'1성:1:1	
mob	16	유령도적	167	22	4	30000	1500	3000	0	1000	600000	0	0	-	100:야월도'1성:1:1	
mob	17	유령마법사	167	23	4	30000	1500	3000	0	1000	600000	0	0	-	100:해골죽장'1성:1:1	
mob	18	불연	167	24	4	100000	5000	10000	0	1000	1000000	0	0	-	100:영혼마령봉'1성:1:1	
mob	19	흑해골	30	10	4	27000	1350	2700	0	1000	540000	0	0	-	25:진호박:1:1	
mob	20	자해골	30	7	4	29000	1450	2900	0	1000	580000	0	0	-	25:진호박:1:1	
mob	21	지해골	30	12	4	31000	1550	3100	0	1000	620000	0	0	-	25:진호박:1:1	
mob	22	주해골	30	-1	4	33000	1650	3300	0	1000	660000	0	0	-	25:진호박:1:1	
mob	23	사해골	31	-1	4	35000	1750	3500	0	1000	700000	0	0	-	25:진호박:1:1	
mob	24	원각	31	10	4	110000	5500	11000	0	1000	1100000	0	0	-	50:대마령봉'1성:1:1	10:50만전:1:1	
mob	25	눈먼쥐왕	128	0	4	13500	675	1350	0	1000	1	0	0	-	100:건괘:1:1	
mob	26	눈먼토끼왕	131	0	4	16000	800	1600	0	1000	1	0	0	-	100:곤괘:1:1	
mob	27	눈먼닭왕	137	0	4	18500	925	1850	0	1000	1	0	0	-	100:진괘:1:1	
mob	28	눈먼뱀왕	133	0	4	20000	1000	2000	0	1000	1	0	0	-	100:감괘:1:1	
mob	29	눈먼돼지왕	139	0	4	21500	1075	2150	0	1000	1	0	0	-	100:리괘:1:1	
mob	30	눈먼원숭이왕	136	0	4	23000	1150	2300	0	1000	1	0	0	-	100:태괘:1:1	
mob	31	천상계소왕	129	0	0	24500	1225	2450	0	1000	1	0	0	-	100:선괘:1:1	
mob	32	천상계백호왕	130	0	0	30000	1500	3000	0	1000	1	0	0	-	100:간괘:1:1	
mob	33	가재	168	2	4	56000	2800	5600	-10	1000	560000	0	0	-	25:호박:1:1	
mob	34	가재장	168	2	4	58000	2900	5800	-10	1000	580000	0	0	-	25:진호박:1:1	
mob	35	전갈	171	2	4	60000	3000	6000	-10	1000	600000	0	0	-	25:호박:1:1	
mob	36	전갈장	171	15	4	62000	3100	6200	-10	1000	620000	0	0	-	25:진호박:1:1	
mob	37	서현가재	168	0	4	64000	3200	6400	-10	1000	640000	0	0	-	50:백현모'1성:1:1	
mob	38	백현재	168	6	4	66000	3300	6600	-10	1000	660000	0	0	-	50:백현모'1성:1:1	
mob	39	백현장	168	5	4	136000	6800	13600	-10	1000	1360000	0	0	-	25:보라방패'1성:1:1	
mob	40	현랑장	171	5	4	140000	7000	14000	-10	1000	1400000	0	0	-	25:철방패'1성:1:1	
mob	41	현랑전갈	171	31	4	144000	7200	14400	-25	1000	1440000	0	0	-	50:현랑부'1성:1:1	
mob	42	목각인형	192	5	4	148000	11100	14800	-10	1000	1480000	0	0	-	
mob	43	양철인형	192	2	4	152000	11400	15200	-10	1000	1520000	0	0	-	
mob	44	에메랄드인형	192	0	4	156000	11700	15600	-10	1000	1560000	0	0	-	
mob	45	인형술사	193	10	4	1600000	24000	32000	-25	1000	1600000	0	0	-	30:백화검'1성:1:1	
mob	46	도깨비	99	0	4	164000	12300	16400	-25	1000	1640000	0	0	-	25:호박:1:1	
mob	47	도깨비불	96	0	4	168000	12600	16800	-25	1000	1680000	0	0	-	25:호박:1:1	
mob	48	사명비	99	8	4	168000	25200	33600	-25	1000	1680000	0	0	-	30:환두대도'1성:1:1	
mob	49	적명비	99	31	4	172000	25800	34400	-25	1000	1720000	0	0	-	30:대마령봉'1성:1:1	
mob	50	자명비	99	7	4	176000	26200	35200	-25	1000	1760000	0	0	-	30:가시철단도'1성:1:1	
mob	51	청명비	99	2	4	180000	27000	36000	-25	1000	1800000	0	0	-	30:삼촉현창'1성:1:1	
mob	52	도깨비왕	185	8	4	3800000	28500	38000	-25	1000	1900000	0	0	-	30:도깨비방망이'1성:1:1	10:100만전:1:1	20:바람의중연:1:1	
mob	53	좋은나무	752	0	1	5000000000	0	0	-120	0	0	0	0	-	
mob	54	늑대	23	10	4	220000	33000	44000	-25	1000	1	0	0	-	
mob	55	청순록	88	2	4	204000	15300	20400	-25	1000	2040000	0	0	-	40:사슴고기:1:1	10:사슴가죽:1:1	
mob	56	적순록	88	31	4	208000	15600	20800	-25	1000	2080000	0	0	-	40:사슴고기:1:1	10:사슴가죽:1:1	
mob	57	흑광록	89	28	4	212000	15900	21200	-25	1000	2120000	0	0	-	40:사슴고기:1:1	10:사슴가죽:1:1	
mob	58	백광록	89	29	4	216000	16200	21600	-25	1000	2160000	0	0	-	40:사슴고기:1:1	10:사슴가죽:1:1	
mob	59	광록지수	89	7	4	4400000	33000	44000	-25	1000	2200000	0	0	-	100:사슴치료약:1:1	
mob	60	범증	130	2	4	300000	22500	30000	-25	1000	3000000	0	0	-	20:천도복숭아:1:1	
mob	61	범수	130	3	4	350000	26250	35000	-25	1000	3500000	0	0	-	20:천도복숭아:1:1	
mob	62	범천	130	4	4	450000	33750	45000	-25	1000	4500000	0	0	-	20:천도복숭아:1:1	
mob	63	백호왕	130	0	4	5000000	25000	50000	-50	1000	5000000	0	-50	-	
mob	64	수룡	186	8	4	800000	30000	50000	-25	1000	1	0	0	-	25:용의비늘:1:1	
mob	65	화룡	186	4	4	800000	40000	50000	-25	1000	1	0	0	-	25:용의비늘:1:1	
mob	66	파랑사마귀	98	2	4	480000	36000	48000	-30	1000	4800000	0	0	-	25:호박:1:1	
mob	67	우물독거미	97	2	4	520000	39000	52000	-30	1000	5200000	0	0	-	25:진호박:1:1	
mob	68	만독왕	109	2	4	5600000	42000	56000	-30	1000	5600000	0	0	-	40:순수한물:1:1	
mob	69	일본밀정'검	149	2	4	600000	45000	60000	-30	1000	6000000	0	0	-	15:연청호박:1:1	
mob	70	일본밀정'유	149	13	4	630000	47250	63000	-30	1000	6300000	0	0	-	15:연녹호박:1:1	
mob	71	일본밀정'수	149	0	4	660000	49500	66000	-30	1000	6600000	0	0	-	15:연자호박:1:1	
mob	72	일본밀정두목	188	0	4	6900000	103500	138000	-30	1000	6900000	0	0	-	15:연갈호박:1:1	15:황금호박:1:1	
mob	73	몽달귀신	113	0	4	680000	51000	68000	-30	1000	6800000	0	0	-	15:호박:1:1	15:진호박:1:1	5:적호박:1:1	5:청호박:1:1	5:황호박:1:1	
mob	74	독충	114	0	4	700000	52500	70000	-30	1000	7000000	0	0	-	25:죽은지네:1:1	5:적호박:1:1	5:청호박:1:1	5:황호박:1:1	
mob	75	빗자루귀신	111	0	4	720000	54000	72000	-30	1000	7200000	0	0	-	15:호박:1:1	15:진호박:1:1	5:적호박:1:1	5:청호박:1:1	5:황호박:1:1	
mob	76	처녀귀신	110	0	4	740000	55500	74000	-30	1000	7400000	0	0	-	25:호박:1:1	5:적호박:1:1	5:청호박:1:1	5:황호박:1:1	
mob	77	달걀귀신	115	0	4	760000	57000	76000	-30	1000	7600000	0	0	-	15:호박:1:1	15:진호박:1:1	5:적호박:1:1	5:청호박:1:1	5:황호박:1:1	
mob	78	불귀신	112	0	4	780000	58500	78000	-30	1000	7800000	0	0	-	25:호박:1:1	5:적호박:1:1	5:청호박:1:1	5:황호박:1:1	
mob	79	선비평민	991	0	4	800000	60000	80000	-30	1000	8000000	0	0	-	30:녹호박단추:1:1	30:적호박단추:1:1	
mob	80	선비검객	988	0	4	820000	61500	82000	-30	1000	8200000	0	0	-	30:녹호박단추:1:1	30:적호박단추:1:1	
mob	81	선비대도독	989	0	4	840000	63000	84000	-30	1000	8400000	0	0	-	30:녹호박단추:1:1	30:적호박단추:1:1	
mob	82	선비대군장	990	0	4	8600000	64500	86000	-30	1000	8600000	0	0	-	25:안시도'1성:1:1	
mob	83	눈괴물	116	0	4	880000	66000	88000	-45	1000	8800000	0	0	-	35:얼음:1:1	
mob	84	북극해골	118	0	4	900000	67500	90000	-45	1000	9000000	0	0	-	35:얼음:1:1	
mob	85	북극곰	117	0	4	920000	69000	92000	-45	1000	9200000	0	0	-	35:얼음:1:1	
mob	86	흑토끼	21	10	4	940000	70500	94000	-60	1000	9400000	0	0	-	35:참나무껍질:1:1	
mob	87	흑다람쥐	25	28	4	960000	72000	96000	-60	1000	9600000	0	0	-	35:참나무껍질:1:1	
mob	88	흑암사슴	88	28	4	980000	73500	98000	-60	1000	9800000	0	0	-	35:참나무껍질:1:1	
mob	89	흑숫사슴	89	28	4	1000000	75000	100000	-60	1000	10000000	0	0	-	35:참나무껍질:1:1	
mob	90	수렴귀	324	0	4	10200000	76500	102000	-60	1000	10200000	0	0	-	100:물의옥:1:1	
mob	91	운랑	325	0	4	10400000	78000	104000	-60	1000	10400000	0	0	-	100:구름옥:1:1	
mob	92	풍석	279	0	4	10600000	79500	106000	-60	1000	10600000	0	0	-	100:산의옥:1:1	
mob	93	폭염귀	323	0	4	10800000	81000	108000	-60	1000	10800000	0	0	-	100:불의옥:1:1	
mob	94	암흑왕	322	0	4	22000000	82500	110000	-60	1000	11000000	0	0	-	100:암흑왕의봉인:1:1	
mob	95	파석	307	0	1	10000000	0	0	-60	1000	1	0	0	-	30:철방패'1성:1:1	
mob	96	용겸	108	4	4	1120000	84000	112000	-60	1000	11200000	0	0	-	10:은나무가지:1:1	30:적호박:1:1	
mob	97	용랑	108	3	4	1140000	85500	114000	-60	1000	11400000	0	0	-	10:은나무가지:1:1	30:적호박:1:1	
mob	98	용천	108	2	4	1160000	87000	116000	-60	1000	11600000	0	0	-	10:은나무가지:1:1	30:적호박:1:1	
mob	99	용마	108	1	4	1180000	88500	118000	-60	1000	11800000	0	0	-	10:은나무가지:1:1	30:적호박:1:1	
mob	100	흑룡	186	10	4	12000000	91500	120000	-60	1000	12000000	0	0	-	50:흑룡의어금니:1:1	
mob	101	진룡	186	16	4	12200000	93000	122000	-60	1000	12200000	0	0	-	50:진룡의어금니:1:1	
mob	102	묵룡	186	12	4	12400000	94500	124000	-60	1000	12400000	0	0	-	50:묵룡의어금니:1:1	
mob	103	감룡	186	23	4	12600000	96000	126000	-60	1000	12600000	0	0	-	50:감룡의어금니:1:1	
mob	104	건룡	186	1	4	12800000	97500	128000	-60	1000	12800000	0	0	-	50:건룡의어금니:1:1	
mob	105	용왕용마	132	22	4	26000000	99000	130000	-80	1000	13000000	0	0	-	100:용마의발톱:1:1	
mob	106	용왕용천	132	23	4	26400000	100500	132000	-80	1000	13200000	0	0	-	100:용천의발톱:1:1	
mob	107	용왕용랑	132	24	4	26800000	102000	134000	-80	1000	13400000	0	0	-	100:용랑의발톱:1:1	
mob	108	용왕용겸	132	25	4	27200000	103500	136000	-80	1000	13600000	0	0	-	100:용겸의발톱:1:1	
mob	109	하수도적	141	0	4	1200000	91500	120000	-60	1000	12000000	0	0	-	
mob	110	중수도적	141	31	4	1220000	93000	122000	-60	1000	12200000	0	0	-	
mob	111	도적단장	226	25	4	12400000	94500	124000	-60	1000	12400000	0	0	-	40:소요의호리병:1:1	
mob	112	인면충	243	0	4	45000	3375	4500	-60	1000	450000	0	0	-	30:인면충의알:1:1	50:쇠가루:1:1	50:쇠조각:1:1	
mob	113	인면벌	242	0	4	39000	2925	3900	-60	1000	390000	0	0	-	30:인면충의알:1:1	50:쇠가루:1:1	50:쇠조각:1:1	
mob	114	문비	227	0	4	105000	7875	10500	-60	1000	1050000	0	0	-	30:쇠가루:1:1	30:쇠조각:1:1	
mob	115	박가	228	0	4	120000	9000	12000	-60	1000	1200000	0	0	-	30:나무막대:1:1	
mob	116	왕가	241	0	4	150000	10000	15000	-60	1000	1500000	0	0	-	30:구미호꼬리:1:1	
mob	117	대나무숲	253	0	1	10000	0	0	-60	1000	0	0	0	-	30:대나무가지:1:1	
mob	118	귀응	225	0	4	231000	17325	23100	-60	1000	2310000	0	0	-	30:장인의돌:1:1	
mob	119	태산	226	0	4	264000	19800	26400	-60	1000	2640000	0	0	-	30:운모:1:1	30:마노:1:1	30:석영:1:1	30:장석:1:1	
mob	120	백보	229	0	4	105000	7895	10500	-60	1000	1050000	0	0	-	30:쇠가루:1:1	30:쇠조각:1:1	
mob	121	최가	246	0	4	60000	4000	6000	-60	1000	600000	0	0	-	30:청동조각:1:1	
mob	122	청웅	250	0	4	135000	10125	13500	-60	1000	1350000	0	0	-	30:태독:1:1	30:건독:1:1	30:진독:1:1	30:곤독:1:1	30:선독:1:1	
mob	123	황웅	251	0	4	144000	10800	14400	-60	1000	1440000	0	0	-	30:적령초:1:1	30:일양초:1:1	30:월로초:1:1	
mob	124	철보장	232	0	4	600000	40000	60000	-60	1000	6000000	0	0	-	30:장인의뼈:1:1	
mob	125	뇌랑	233	0	4	450000	33750	45000	-60	1000	4500000	0	0	-	30:구미호꼬리:1:1	
mob	126	천오	234	0	4	660000	44000	66000	-60	1000	6600000	0	0	-	30:천년묵은가지:1:1	
mob	127	독화	235	0	4	1050000	7875	10500	-60	1000	1050000	0	0	-	30:백현목:1:1	
mob	128	신몽	238	0	4	1500000	10000	15000	-60	1000	1500000	0	0	-	30:자현목:1:1	
mob	129	엽춘	240	0	4	1650000	12375	16500	-60	1000	1650000	0	0	-	30:방울뱀꼬리:1:1	
mob	130	조왕	244	0	4	1800000	13500	18000	-60	1000	1800000	0	0	-	30:노송의가지:1:1	
mob	131	길림장군	230	0	4	1650000	123750	1650000	-60	1000	16500000	0	0	-	30:운모:1:1	30:마노:1:1	30:석영:1:1	30:장석:1:1	30:장인의돌:1:1	30:황금호박단추:1:1	
mob	132	중월장군	231	0	4	1500000	100000	1500000	-60	1000	15000000	0	0	-	30:자현목:1:1	30:백현목:1:1	30:황금호박단추:1:1	
mob	133	마려	236	0	4	1500000	100000	150000	-60	1000	15000000	0	0	-	30:적령초:1:1	30:일양초:1:1	30:월로초:1:1	30:황금호박단추:1:1	
mob	134	소천대사	237	0	4	1650000	123750	165000	-60	1000	16500000	0	0	-	30:물소뿔:1:1	30:황금호박단추:1:1	
mob	135	암령	239	0	4	1500000	100000	150000	-60	1000	15000000	0	0	-	30:장인의돌:1:1	30:황금호박단추:1:1	
mob	136	야월진랑	245	0	4	1500000	100000	150000	-60	1000	15000000	0	0	-	30:매의깃털:1:1	30:물소뿔:1:1	30:황금호박단추:1:1	
mob	137	철거인	248	0	4	2400000	180000	240000	-60	1000	24000000	0	0	-	30:반짝이는돌:1:1	30:황금호박단추:1:1	
mob	138	북천황	249	0	4	30000000	225000	300000	-80	1000	30000000	0	0	-	50:금조각:1:1	
mob	139	탈옥수	238	24	4	1260000	94500	126000	-60	1000	12600000	0	0	-	
mob	140	중죄수	244	12	4	1280000	96000	128000	-60	1000	12800000	0	0	-	
mob	141	대죄수이한	267	20	4	13000000	97500	130000	-60	1000	13000000	0	0	-	
mob	142	미로백귀신	257	0	4	1320000	100000	132000	-60	1000	13200000	0	0	-	
mob	143	미로흑귀신	258	0	4	1340000	101500	134000	-60	1000	13400000	0	0	-	
mob	144	미로궁녀	281	24	4	13600000	103000	136000	-60	1000	13600000	0	0	-	
mob	145	동굴새끼지주	567	2	4	1400000	110000	140000	-60	1000	14000000	0	0	-	30:독거미실:1:1	
mob	146	동굴양칼지주	566	1	4	1430000	113000	143000	-60	1000	14300000	0	0	-	50:독거미실:1:1	20:거미고치:1:1	
mob	147	동굴야광지주	566	21	4	1460000	116000	146000	-60	1000	14600000	0	0	-	60:독거미실:1:1	50:거미고치:1:1	
mob	148	동굴지주대왕	565	29	4	29200000	119000	149000	-60	1000	14900000	0	0	-	100:거미고치:1:1	
mob	149	두꺼비	286	0	4	1200000	14000	22000	0	1000	1600000	0	0	-	30:기러기알:1:1	
mob	150	일본게	287	0	4	1380000	20000	30000	0	1000	1780000	0	0	-	40:기러기알:1:1	
mob	151	청비	102	0	4	1800000	135000	180000	-60	1000	18000000	0	0	-	10:초록시약:1:1	
mob	152	적비	101	0	4	1950000	146250	195000	-60	1000	19500000	0	0	-	10:빨간시약:1:1	
mob	153	흑비	100	0	4	2100000	157500	210000	-60	1000	21000000	0	0	-	10:갈색시약:1:1	
mob	154	겁살수	141	2	4	3000000	225000	300000	-60	1000	30000000	0	0	-	
mob	155	겁살파수	146	3	4	40000000	300000	400000	-60	1000	40000000	0	0	-	50:일월대도'1성:1:1	
mob	156	겁살파수꾼	155	7	4	45000000	400000	450000	-60	1000	45000000	0	0	-	100:도깨비방망이'1성:1:1	50:빛나는운석:1:1	
mob	157	수정달팽이	447	4	4	2300000	172500	230000	-60	1000	23000000	0	0	-	30:금강가루:1:1	
mob	158	맹독해파리	574	1	4	2500000	187500	250000	-60	1000	25000000	0	0	-	35:금강가루:1:1	
mob	159	술사원숭이	586	31	4	54000000	405000	540000	-60	1000	54000000	0	0	-	40:해골열쇠1:1:1	40:해골열쇠2:1:1	40:해골열쇠3:1:1	30:바람의상연:1:1	
mob	160	고래	336	0	4	100000000	7500000	1000000	-80	1000	100000000	0	0	-	
mob	161	너구리	275	0	4	210000	15750	21000	-60	1000	2100000	0	0	-	10:너구리털:1:1	
mob	162	일본원숭이	268	0	4	230000	17250	23000	-60	1000	2300000	0	0	-	10:원숭이털:1:1	
mob	163	은여우	255	0	4	264000	19800	26400	-60	1000	2640000	0	0	-	10:은여우털:1:1	
mob	164	아귀	269	0	4	264000	19800	26400	-60	1000	2640000	0	0	-	10:1만전:1:1	
mob	165	어전	267	0	4	264000	19800	26400	-60	1000	2640000	0	0	-	5:어전의칼:1:1	
mob	166	멧돼지	293	0	4	300000	22500	30000	-60	1000	3000000	0	0	-	10:5만전:1:1	
mob	167	이가닌자'병	270	0	4	2500000	187500	250000	-60	800	25000000	0	0	-	5:검조각:1:1	
mob	168	이가닌자'화	276	0	4	2700000	202500	270000	-60	800	27000000	0	0	-	5:이가닌자의보패:1:1	
mob	169	이가닌자'마	277	0	4	2900000	217500	290000	-60	800	29000000	0	0	-	5:이가닌자의독:1:1	
mob	170	이가닌자'영	278	0	4	3100000	232500	310000	-60	800	31000000	0	0	-	5:흑룡철심:1:1	
mob	171	이가닌자'수	274	0	4	3300000	247500	330000	-60	800	33000000	0	0	-	5:수리검:1:1	
mob	172	신로	259	0	4	300000	22500	30000	-60	800	3000000	0	0	-	
mob	173	마옥	260	0	4	540000	40500	54000	-60	800	5400000	0	0	-	5:곤봉:1:1	
mob	174	야문	265	0	4	900000	67500	90000	-60	800	9000000	0	0	-	
mob	175	선월	274	0	4	3500000	262500	350000	-60	800	35000000	0	0	-	
mob	176	기보	271	0	4	3700000	277500	370000	-60	800	37000000	0	0	-	
mob	177	이광	272	0	4	7800000	292500	390000	-60	800	39000000	0	0	-	10:요존도'1성:1:1	
mob	178	합연	297	0	4	8200000	307500	410000	-60	800	41000000	0	0	-	10:금강석조각:1:1	
mob	179	백발귀	283	0	4	4200000	315000	420000	-60	800	42000000	0	0	-	
mob	180	적두귀	283	8	4	4300000	322500	430000	-60	800	43000000	0	0	-	
mob	181	녹두귀	283	19	4	4400000	330000	440000	-60	800	44000000	0	0	-	
mob	182	사두귀	283	20	4	4500000	337500	450000	-60	800	45000000	0	0	-	
mob	183	청발귀	283	22	4	4600000	345000	460000	-60	800	46000000	0	0	-	
mob	184	흑발귀	283	28	4	4700000	352500	470000	-60	800	47000000	0	0	-	2:태존도'1성:1:1	
mob	185	백향	294	0	4	48000000	360000	480000	-60	800	48000000	0	0	-	100:금강석조각:1:1	
mob	186	시오	220	0	4	4900000	367500	490000	-60	800	49000000	0	0	-	
mob	187	주오	220	28	4	5000000	375000	500000	-60	800	50000000	0	0	-	
mob	188	맹오	224	0	4	5100000	382500	510000	-60	800	51000000	0	0	-	
mob	189	달오	224	28	4	5200000	390000	520000	-60	800	52000000	0	0	-	
mob	190	문위	221	0	4	53000000	397500	530000	-60	800	53000000	0	0	-	50:불의수정:1:1	
mob	191	문려	221	28	4	5400000	405000	540000	-60	800	54000000	0	0	-	100:금강석조각:1:1	
mob	192	주마관	289	0	4	5500000	412500	550000	-60	800	55000000	0	0	-	
mob	193	구마관	289	10	4	5600000	420000	560000	-60	800	56000000	0	0	-	
mob	194	바주겐	290	2	4	5700000	427500	570000	-60	800	57000000	0	0	-	
mob	195	나주겐	290	21	4	5800000	435000	580000	-60	800	58000000	0	0	-	
mob	196	헨주겐	290	14	4	5900000	442500	590000	-60	800	59000000	0	0	-	
mob	197	욘주겐	290	3	4	6000000	450000	600000	-60	800	60000000	0	0	-	
mob	198	하주겐	290	22	4	6100000	457500	610000	-60	800	61000000	0	0	-	
mob	199	에주겐	290	0	4	6200000	465000	620000	-60	800	62000000	0	0	-	100:금강석조각:1:1	
mob	200	코가닌자'식	264	0	4	6300000	472500	630000	-60	800	63000000	0	0	-	
mob	201	코가닌자'향	264	2	4	64000000	480000	640000	-60	800	64000000	0	0	-	
mob	202	파선녀	280	0	4	6500000	487500	650000	-60	800	65000000	0	0	-	
mob	203	단선녀	280	4	4	6550000	491250	655000	-60	800	65500000	0	0	-	
mob	204	하선녀	280	31	4	6600000	495000	660000	-60	800	66000000	0	0	-	30:하선녀의실타래:1:1	
mob	205	견귀	281	0	4	6650000	498750	665000	-60	800	66500000	0	0	-	
mob	206	견인귀	281	11	4	6700000	502500	670000	-60	800	67000000	0	0	-	
mob	207	견원귀	281	29	4	6750000	506250	675000	-60	800	67500000	0	0	-	
mob	208	무면귀	282	0	4	68000000	510000	680000	-60	800	68000000	0	0	-	
mob	209	파연	223	0	4	6850000	513750	685000	-60	800	68500000	0	0	-	
mob	210	파성	223	2	4	6900000	517500	690000	-60	800	69000000	0	0	-	
mob	211	파단	223	4	4	6950000	521250	695000	-60	800	69500000	0	0	-	
mob	212	파염	223	18	4	7000000	525000	700000	-60	800	70000000	0	0	-	
mob	213	월연	222	0	4	7050000	528750	705000	-60	800	70500000	0	0	-	
mob	214	월지	222	2	4	7100000	532500	710000	-60	800	71000000	0	0	-	
mob	215	월선	222	4	4	7150000	536250	715000	-60	800	71500000	0	0	-	
mob	216	월정	222	16	4	7200000	540000	720000	-60	800	72000000	0	0	-	
mob	217	노정공	298	0	4	7250000	543750	725000	-60	800	72500000	0	0	-	
mob	218	노정비	298	13	4	7300000	547500	730000	-60	800	73000000	0	0	-	
mob	219	코가닌자'체	263	13	4	73100000	548250	731000	-60	800	73100000	0	0	-	
mob	220	코가닌자'기	262	13	4	73200000	549000	732000	-60	800	73200000	0	0	-	
mob	221	코가닌자'약	261	13	4	73300000	549750	733000	-60	800	73300000	0	0	-	
mob	222	병사의망령	266	0	4	73400000	550500	734000	-60	800	73400000	0	0	-	
mob	223	무사의망령	266	31	4	73500000	551250	735000	-60	800	73500000	0	0	-	
mob	224	대장군의망령	266	18	4	73600000	552000	736000	-60	800	73600000	0	0	-	50:도깨비가죽:1:1	
mob	225	유성지	254	0	4	74000000	555000	740000	-80	800	74000000	0	0	-	40:유성지의보패:1:1	
mob	226	해골왕	314	0	4	78000000	585000	780000	-80	800	78000000	0	0	-	30:해골왕의뼈:1:1	
mob	227	파괴왕	296	0	4	80000000	600000	800000	-80	800	80000000	0	0	-	20:순수의강철:1:1	
mob	228	녹묘	449	0	4	4910000	368250	491000	-60	1000	49100000	0	0	-	
mob	229	흑묘	449	10	4	4920000	369000	492000	-60	1000	49200000	0	0	-	
mob	230	청묘	449	17	4	4930000	369750	493000	-60	1000	49300000	0	0	-	
mob	231	적묘	449	31	4	4940000	370500	494000	-60	1000	49400000	0	0	-	
mob	232	문백야묘	450	11	4	4950000	371250	495000	-60	1000	49500000	0	0	-	40:고양이가죽:1:1	
mob	233	표황야묘	450	12	4	4960000	372000	496000	-60	1000	49600000	0	0	-	40:고양이가죽:1:1	
mob	234	흑대묘	451	10	4	4960000	372750	497000	-60	1000	49700000	0	0	-	3:영지묘목:1:1	
mob	235	녹대묘	451	1	4	4960000	373500	498000	-60	1000	49800000	0	0	-	3:영지묘목:1:1	
mob	236	적대묘	451	31	4	4960000	374250	499000	-60	1000	49900000	0	0	-	3:영지묘목:1:1	
mob	237	인묘	452	0	4	50000000	375000	500000	-60	1000	50000000	0	0	-	40:인묘의뼈:1:1	
mob	238	녹코뿔소	457	0	4	4970000	372750	497000	-60	1000	49700000	0	0	-	10:코뿔소뿔:1:1	
mob	239	흑코뿔소	457	10	4	4980000	373500	498000	-60	1000	49800000	0	0	-	10:코뿔소뿔:1:1	
mob	240	백코뿔소	457	11	4	4990000	374250	499000	-60	1000	49900000	0	0	-	10:코뿔소뿔:1:1	
mob	241	황선코뿔소	458	13	4	5000000	375000	500000	-60	1000	50000000	0	0	-	10:코뿔소뿔:1:1	
mob	242	녹선코뿔소	458	15	4	5010000	375750	501000	-60	1000	50100000	0	0	-	10:코뿔소뿔:1:1	
mob	243	코뿔소제독	459	0	4	5020000	376500	502000	-60	1000	50200000	0	0	-	100:코뿔소뿔:1:1	
mob	244	코뿔소대왕	460	0	4	50300000	377250	503000	-60	1000	50300000	0	0	-	30:코뿔소고기:1:1	
mob	245	흑악어	453	10	4	5040000	378000	504000	-60	1000	50400000	0	0	-	10:악어비늘:1:1	
mob	246	진갈악어	453	12	4	5050000	378750	505000	-60	1000	50500000	0	0	-	10:악어비늘:1:1	
mob	247	녹악어	453	0	4	5060000	379500	506000	-60	1000	50600000	0	0	-	10:악어비늘:1:1	
mob	248	진녹악어	454	14	4	5070000	380250	507000	-60	1000	50700000	0	0	-	10:악어비늘:1:1	
mob	249	진회악어	454	23	4	5080000	381000	508000	-60	1000	50800000	0	0	-	10:악어비늘:1:1	
mob	250	진적악어	454	31	4	5090000	381750	509000	-60	1000	50900000	0	0	-	10:악어비늘:1:1	
mob	251	중간왕악어	455	0	4	5100000	382500	510000	-60	1000	51000000	0	0	-	100:악어비늘:1:1	
mob	252	악어대왕	456	0	4	51100000	383250	511000	-60	1000	51100000	0	0	-	40:영지묘화:1:1	
mob	253	흑살쾡이	461	10	4	5120000	384000	512000	-60	1000	51200000	0	0	-	
mob	254	적살쾡이	461	31	4	5120000	384750	513000	-60	1000	51300000	0	0	-	
mob	255	녹살쾡이	461	0	4	5120000	385500	514000	-60	1000	51400000	0	0	-	
mob	256	표청살쾡이	462	2	4	5120000	386250	515000	-60	1000	51500000	0	0	-	10:살쾡이가죽:1:1	
mob	257	표황살쾡이	462	5	4	5120000	387000	516000	-60	1000	51600000	0	0	-	10:살쾡이가죽:1:1	
mob	258	표갈살쾡이	462	4	4	5120000	387750	517000	-60	1000	51700000	0	0	-	10:살쾡이가죽:1:1	
mob	259	살쾡이	463	0	4	5180000	388500	518000	-60	1000	51800000	0	0	-	
mob	260	살쾡이왕	464	0	4	51900000	389250	519000	-60	1000	51900000	0	0	-	30:천구의꼬리:1:1	
mob	261	진흙괴수	734	0	4	5200000	390000	520000	-60	1000	52000000	0	0	-	40:진흙덩어리:1:1	
mob	262	진흙뱀	617	8	4	5250000	393750	525000	-60	1000	52500000	0	0	-	40:뱀의분비물:1:1	
mob	263	심연의해골	591	0	4	5500000	412500	550000	-60	1000	55000000	0	0	-	20:심연의뼈:1:1	
mob	264	심연의궁수	245	5	4	5600000	420000	560000	-60	1000	56000000	0	0	-	20:촉대:1:1	
mob	265	심연의법사	238	24	4	5700000	427500	570000	-60	1000	57000000	0	0	-	20:마법의돌:1:1	
mob	266	심연의어둠	520	0	4	58000000	435000	580000	-60	1000	58000000	0	0	-	100:5만전:1:1	
mob	267	부동명왕수련승	506	0	4	5100000	382500	510000	-60	1000	51000000	0	0	-	
mob	268	부동명왕	505	0	4	5200000	390000	520000	-60	1000	52000000	0	0	-	
mob	269	화운동자	511	0	4	5300000	397500	530000	-60	1000	53000000	0	0	-	
mob	270	운도사	509	0	4	5400000	405000	540000	-60	1000	54000000	0	0	-	
mob	271	암수	508	0	4	5500000	412500	550000	-60	1000	55000000	0	0	-	
mob	272	단	504	0	4	5600000	420000	560000	-60	1000	56000000	0	0	-	
mob	273	학도사	510	0	4	5700000	427500	570000	-60	1000	57000000	0	0	-	
mob	274	아권도사	507	0	4	5800000	435000	580000	-60	1000	58000000	0	0	-	
mob	275	소호	499	0	4	100000000	750000	1000000	-80	1000	1	0	0	-	
mob	276	전욱	502	0	4	110000000	825000	1100000	-80	1000	1	0	0	-	
mob	277	제곡	503	0	4	120000000	900000	1200000	-80	1000	1	0	0	-	
mob	278	요제	501	0	4	130000000	975000	1300000	-80	1000	1	0	0	-	
mob	279	순제	500	0	4	140000000	1050000	1400000	-80	1000	1	0	0	-	
mob	280	반고	498	0	4	200000000	1500000	2500000	-80	1000	1	0	0	-	
mob	281	장안성고양인어	416	0	4	5190000	389250	519000	-60	1000	51900000	0	0	-	
mob	282	장안성이쁘니인어	417	0	4	5200000	390000	520000	-60	1000	52000000	0	0	-	
mob	283	장안성여왕인어	418	0	4	52100000	390750	521000	-60	1000	52100000	0	0	-	12:공주의반지:1:1	
mob	284	원혼귀	110	0	4	6000000	500000	600000	-90	1000	70000000	0	0	-	30:혼의결정:1:1	
mob	285	적혼귀	167	31	4	6100000	510000	610000	-90	1000	71000000	0	0	-	20:불의혼백:1:1	
mob	286	지박귀	325	2	4	6200000	520000	620000	-90	1000	72000000	0	0	-	20:땅의혼백:1:1	
mob	287	천귀원령	472	2	4	63000000	530000	630000	-99	1000	73000000	0	0	-	10:영의해골:1:1	10:산삼:1:1	
mob	288	흉노평민	481	0	4	6500000	550000	650000	-90	1000	75000000	0	0	-	
mob	289	흉노전사	482	0	4	6700000	570000	670000	-90	1000	77000000	0	0	-	
mob	290	흉노무사	483	0	4	6900000	590000	690000	-90	1000	79000000	0	0	-	
mob	291	선우	484	0	4	7000000	600000	700000	-99	1000	80000000	0	0	-	
mob	292	선중	484	2	4	7000000	600000	700000	-99	1000	80000000	0	0	-	
mob	293	선백	484	7	4	7000000	600000	700000	-99	1000	80000000	0	0	-	
mob	294	선궁	484	4	4	7000000	600000	700000	-99	1000	80000000	0	0	-	
mob	295	선계	484	6	4	7000000	600000	700000	-99	1000	80000000	0	0	-	
mob	296	복순이	407	0	4	7000000	600000	700000	-90	1000	80000000	0	0	-	30:복어의심장:1:1	
mob	297	복수리	408	0	4	7100000	610000	710000	-90	1000	81000000	0	0	-	
mob	298	복홍	408	31	4	7200000	620000	720000	-90	1000	82000000	0	0	-	
mob	299	복어장군	409	0	4	73000000	630000	730000	-99	800	83000000	0	0	-	
mob	300	게력사	398	0	4	7300000	630000	730000	-90	1000	83000000	0	0	-	
mob	301	새끼게	399	0	4	7400000	640000	740000	-90	1000	84000000	0	0	-	
mob	302	사산게	398	1	4	7500000	650000	750000	-90	1000	85000000	0	0	-	
mob	303	파산게	398	2	4	7600000	660000	760000	-90	1000	86000000	0	0	-	
mob	304	게장군	400	0	4	77000000	670000	770000	-99	1000	87000000	0	0	-	
mob	305	세발문어	405	0	4	7750000	675000	775000	-90	1000	87500000	0	0	-	30:문어의심장:1:1	
mob	306	대발문어	404	0	4	7800000	680000	780000	-90	1000	88000000	0	0	-	30:문어의심장:1:1	
mob	307	장간문어	404	2	4	7850000	685000	785000	-90	1000	88500000	0	0	-	30:문어의심장:1:1	
mob	308	문어장군	406	0	4	79000000	690000	790000	-99	1000	89000000	0	0	-	
mob	309	쥐방울해마	420	0	4	7950000	695000	795000	-90	1000	89500000	0	0	-	30:해마의심장:1:1	
mob	310	해마병사	419	0	4	8000000	700000	800000	-90	1000	90000000	0	0	-	30:해마의심장:1:1	
mob	311	꼬리해마	420	2	4	8050000	705000	805000	-90	1000	90500000	0	0	-	30:해마의심장:1:1	
mob	312	해마장군	421	0	4	81000000	710000	810000	-99	1000	91000000	0	0	-	
mob	313	고양이인어	416	0	4	8150000	715000	815000	-90	1000	91500000	0	0	-	30:인어의심장:1:1	
mob	314	이쁘니인어	417	0	4	8200000	720000	820000	-90	1000	92000000	0	0	-	30:인어의심장:1:1	
mob	315	인어장군	418	0	4	82500000	725000	825000	-99	1000	92500000	0	0	-	
mob	316	외칼이상어	411	0	4	8300000	730000	830000	-90	1000	93000000	0	0	-	30:상어의심장:1:1	
mob	317	쌍칼상어	410	0	4	8350000	735000	835000	-90	1000	93500000	0	0	-	30:상어의심장:1:1	
mob	318	상어장군	412	0	4	84000000	740000	840000	-99	1000	94000000	0	0	-	
mob	319	해파리부하	423	0	4	8450000	745000	845000	-90	1000	94500000	0	0	-	
mob	320	해파리수하	422	0	4	8500000	750000	850000	-90	1000	95000000	0	0	-	
mob	321	해파리장군	424	0	4	85500000	755000	855000	-99	1000	95500000	0	0	-	
mob	322	날수괴	443	0	4	8600000	760000	860000	-90	1000	96000000	0	0	-	
mob	323	청의태자	403	0	4	86500000	15300000	17300000	-99	1000	96500000	0	0	-	
mob	324	상어장수	412	0	4	84000000	740000	840000	-99	1000	94000000	0	0	-	20:상어의핵:1:1	
mob	325	인화늑대인간	259	0	4	7350000	653750	735000	-60	800	73500000	0	0	-	
mob	326	수화늑대인간	291	0	4	4000000	667500	740000	-60	800	74000000	0	0	-	1:낭아투구'1성:1:1	
mob	327	만월늑대인간	291	26	4	7450000	673750	745000	-60	800	74500000	0	0	-	10:낭아극쇄검'1성:1:1	
