널뛰기31	7	1	100	1	0	0	0	0
망자귀환의서(선물)	7	0	1	0	0	0	0	0
선행표창2002-5	7	1	7	1	0	0	0	0
트럼프 스5	7	1	1000	1	0	0	0	0
불구슬'1성	7	0	1	0	0	0	0	0
낙랑의두루마리3	7	1	1	0	0	0	0	0
진선의두루마리18	7	1	1	0	0	0	0	0
잣	7	1	10	1	0	0	0	0
액젓	7	1	10	1	0	0	0	0
할로윈해골상자	7	0	1	1	1	1	0	0
벌목'보물상자(5)	7	1	10000	0	0	0	0	0
치자열매	7	1	50	1	0	0	0	0
제기차기12	7	1	100	1	0	0	0	0
빙고 하5	7	1	1000	1	0	0	0	0
지옥송진	7	1	100	1	0	0	0	0
추석감사장세트	7	0	1	1	1	1	0	0
람시비전	7	0	0	0	0	0	0	0
야광녹색염색시약	7	1	5000	1	0	0	0	0
무기제조법	7	1	100	0	0	0	0	0
상하막대	7	1	100	1	0	0	0	0
고구려-일본승선권	7	1	100	1	0	0	0	0
연녹도톨	7	1	75	1	0	0	0	0
번호표8	7	1	100	1	0	0	0	0
연노전	7	0	60	1	0	0	0	0
천황문의열쇠2	7	3	25000	1	0	0	0	0
사자성어천왕도전권	7	0	29	0	0	0	0	0
신명호롱	7	0	1	0	0	0	0	0
금강석	7	1	100	1	0	0	0	0
대지의혼	7	0	10	0	0	0	0	0
신비염색약(여명:7일)	7	0	1	1	1	1	0	0
북살모사비늘	7	1	100	1	0	0	0	0
황금의문서제5장	7	1	30000	0	0	0	0	0
강폭전	7	1	1000	1	0	0	0	0
연날리기40	7	1	100	1	0	0	0	0
널뛰기68	7	1	100	1	0	0	0	0
체회복제7	7	1	140	1	0	0	2	240
제기차기49	7	1	100	1	0	0	0	0
예백의두루마리3	7	1	1	0	0	0	0	0
용설주4	7	1	5000	1	0	0	0	0
환웅반지절반수리망치	7	0	10000	1	0	0	0	0
모시풀잎	7	1	200	1	0	0	0	0
발소의두루마리7	7	1	1	0	0	0	0	0
염색시약13	7	1	500	1	0	0	0	0
해두의두루마리15	7	1	1	0	0	0	0	0
화투8	7	1	5000	1	0	0	0	0
산의옥	7	1	100	0	0	0	0	0
트럼프 클J	7	1	7000	1	0	0	0	0
흑색돌조각	7	0	0	1	0	0	0	0
신비염색약(무지개:90일)	7	0	1	1	1	1	0	0
화투27	7	1	2000	1	0	0	0	0
내집초대장원본	7	0	500	1	1	1	0	0
중급화살나무판자	7	1	400	1	0	0	0	0
고기조각	7	1	1	1	0	0	0	0
닌텐도DS응모권	7	0	10000	1	0	0	0	0
갈색보주	7	1	1000	1	0	0	0	0
빈국밥	7	1	10	1	0	0	0	0
연녹호박보석	7	1	3775	1	0	0	0	0
청잎호박	7	1	280	1	0	0	0	0
자왕도톨	7	1	992	1	0	0	0	0
기마대장변신의구슬	7	1	50	1	0	0	0	0
동인패	7	1	100	1	0	0	0	0
가신의증표	7	0	0	0	0	0	0	0
황금보주	7	1	500	1	0	0	0	0
상급삼베천	7	1	500	1	0	0	0	0
반짝이약염색시약	7	1	1000	1	0	0	0	0
축하폭죽(1인)	7	0	1	1	1	1	0	0
I779	7	1	300	1	0	0	0	0
고자호지방비서2	7	0	2	1	0	0	0	0
화투46	7	1	2000	1	0	0	0	0
목공'대박(9)	7	1	10000	0	0	0	0	0
절름발이말18	7	1	1000	1	0	0	0	0
백호맹아부	7	0	1	1	0	0	0	0
망고	7	1	20	1	0	0	0	0
황금도끼도면	7	1	5000	1	0	0	0	0
하트초콜렛	7	1	200	1	0	0	0	0
의류염색약(7일)	7	0	1	0	0	1	0	0
I814	7	1	300	1	0	0	0	0
I849	7	1	300	1	0	0	0	0
I884	7	1	300	1	0	0	0	0
I919	7	1	300	1	0	0	0	0
I954	7	1	300	1	0	0	0	0
I989	7	1	300	1	0	0	0	0
I1024	7	1	300	1	0	0	0	0
I1059	7	1	300	1	0	0	0	0
I1094	7	1	300	1	0	0	0	0
I1129	7	1	300	1	0	0	0	0
I1164	7	1	300	1	0	0	0	0
I1199	7	1	300	1	0	0	0	0
친친파랑구슬	7	0	1	0	0	0	0	0
방패방어강화부적	7	1	100	1	0	0	0	0
최고비단	7	1	1000	1	0	0	0	0
생명보존반찬	7	1	800	1	0	0	0	0
제기차기86	7	1	100	1	0	0	0	0
연날리기77	7	1	100	1	0	0	0	0
단단한돌	7	1	50	1	0	0	0	0
달콤새콤구이	7	1	400	1	0	0	0	0
구년숙성막걸리	7	1	10	1	0	0	0	0
