1320	16	어린백호	맹호삼연타12	맹호삼연타11	1	4	1	1	11	27	87	2	86	107	68	68	56
1321	16	백호	백호사연타	맹호삼연타	1	7	1	1	12	54	3	2	55	68	45	45	41
1322	16	백호	백호사연타2	백호사연타	1	7	1	1	1	54	11	2	59	73	48	48	43
1323	16	백호	백호사연타3	백호사연타2	1	7	1	1	2	54	19	2	62	77	50	50	45
1324	16	백호	백호사연타4	백호사연타3	1	7	1	1	3	54	27	2	66	82	53	53	47
1325	16	백호	백호사연타5	백호사연타4	1	7	1	1	4	54	35	2	70	87	56	56	49
1326	16	백호	백호사연타6	백호사연타5	1	7	1	1	5	54	43	2	74	91	59	59	51
1327	16	백호	백호사연타7	백호사연타6	1	7	1	1	6	54	51	2	77	96	62	62	53
1328	16	백호	백호사연타8	백호사연타7	1	7	1	1	7	54	59	2	81	100	65	65	54
1329	16	백호	백호사연타9	백호사연타8	1	7	1	1	8	54	67	2	85	105	67	67	56
1330	16	백호	백호사연타10	백호사연타9	1	7	1	1	9	54	75	2	88	110	70	70	58
1331	16	백호	백호사연타11	백호사연타10	1	7	1	1	10	54	83	2	92	114	73	73	60
1332	16	백호	백호사연타12	백호사연타11	1	7	1	1	11	54	91	2	96	119	76	76	62
1333	16	호돌이	호약반착	0	1	2	0	6	0	9	28	3	29	35	24	24	19
1334	16	대호	대호암영진격	0	1	3	0	1	0	18	3	4	25	31	21	21	17
1335	16	대호	대호암영진격2	대호암영진격	1	3	1	1	1	18	11	4	28	35	24	24	19
1336	16	대호	대호암영진격3	대호암영진격2	1	3	1	1	2	18	19	4	32	40	26	26	21
1337	16	대호	대호암영진격4	대호암영진격3	1	3	1	1	3	18	27	4	36	44	29	29	23
1338	16	대호	대호암영진격5	대호암영진격4	1	3	1	1	4	18	35	4	39	49	32	32	26
1339	16	대호	대호암영진격6	대호암영진격5	1	3	1	1	5	18	43	4	43	53	35	35	28
1340	16	대호	대호암영진격7	대호암영진격6	1	3	1	1	6	18	51	4	46	57	38	38	30
1341	16	대호	대호암영진격8	대호암영진격7	1	3	1	1	7	18	59	4	50	62	41	41	32
1342	16	대호	대호암영진격9	대호암영진격8	1	3	1	1	8	18	67	4	53	66	43	43	35
1343	16	대호	대호암영진격10	대호암영진격9	1	3	1	1	9	18	75	4	57	70	46	46	37
1344	16	대호	대호암영진격11	대호암영진격10	1	3	1	1	10	18	83	4	60	75	49	49	39
1345	16	대호	대호암영진격12	대호암영진격11	1	3	1	1	11	18	91	4	64	79	52	52	41
1346	16	흰갈기호랑이	백엽호암영진격	대호암영진격	1	4	1	1	12	27	3	4	33	41	27	27	22
1347	16	흰갈기호랑이	백엽호암영진격2	백엽호암영진격	1	4	1	1	1	27	11	4	36	45	30	30	24
1348	16	흰갈기호랑이	백엽호암영진격3	백엽호암영진격2	1	4	1	1	2	27	19	4	40	50	32	32	26
1349	16	흰갈기호랑이	백엽호암영진격4	백엽호암영진격3	1	4	1	1	3	27	27	4	44	54	35	35	28
1350	16	흰갈기호랑이	백엽호암영진격5	백엽호암영진격4	1	4	1	1	4	27	35	4	47	59	38	38	31
1351	16	흰갈기호랑이	백엽호암영진격6	백엽호암영진격5	1	4	1	1	5	27	43	4	51	63	41	41	33
1352	16	흰갈기호랑이	백엽호암영진격7	백엽호암영진격6	1	4	1	1	6	27	51	4	54	67	44	44	35
1353	16	흰갈기호랑이	백엽호암영진격8	백엽호암영진격7	1	4	1	1	7	27	59	4	58	72	47	47	37
1354	16	흰갈기호랑이	백엽호암영진격9	백엽호암영진격8	1	4	1	1	8	27	67	4	61	76	49	49	40
1355	16	흰갈기호랑이	백엽호암영진격10	백엽호암영진격9	1	4	1	1	9	27	75	4	65	80	52	52	42
1356	16	흰갈기호랑이	백엽호암영진격11	백엽호암영진격10	1	4	1	1	10	27	83	4	68	85	55	55	44
1357	16	흰갈기호랑이	백엽호암영진격12	백엽호암영진격11	1	4	1	1	11	27	91	4	72	89	58	58	46
1358	16	아기백호	유백호암영진격	백엽호암영진격	1	5	1	1	12	36	3	4	40	50	33	33	29
1359	16	아기백호	유백호암영진격2	유백호암영진격	1	5	1	1	1	36	11	4	44	55	36	36	31
1360	16	아기백호	유백호암영진격3	유백호암영진격2	1	5	1	1	2	36	19	4	47	59	38	38	33
1361	16	아기백호	유백호암영진격4	유백호암영진격3	1	5	1	1	3	36	27	4	51	63	41	41	35
1362	16	아기백호	유백호암영진격5	유백호암영진격4	1	5	1	1	4	36	35	4	54	68	44	44	37
1363	16	아기백호	유백호암영진격6	유백호암영진격5	1	5	1	1	5	36	43	4	58	72	47	47	39
1364	16	아기백호	유백호암영진격7	유백호암영진격6	1	5	1	1	6	36	51	4	62	77	50	50	41
1365	16	아기백호	유백호암영진격8	유백호암영진격7	1	5	1	1	7	36	59	4	65	81	53	53	43
1366	16	아기백호	유백호암영진격9	유백호암영진격8	1	5	1	1	8	36	67	4	69	86	55	55	45
1367	16	아기백호	유백호암영진격10	유백호암영진격9	1	5	1	1	9	36	75	4	73	90	58	58	47
1368	16	아기백호	유백호암영진격11	유백호암영진격10	1	5	1	1	10	36	83	4	76	95	61	61	50
1369	16	아기백호	유백호암영진격12	유백호암영진격11	1	5	1	1	11	36	91	4	80	99	64	64	52
1370	16	어린백호	소백호암영진격	유백호암영진격	1	6	1	1	12	45	3	4	48	59	39	39	35
1371	16	어린백호	소백호암영진격2	소백호암영진격	1	6	1	1	1	45	11	4	52	64	42	42	37
1372	16	어린백호	소백호암영진격3	소백호암영진격2	1	6	1	1	2	45	19	4	55	68	44	44	39
1373	16	어린백호	소백호암영진격4	소백호암영진격3	1	6	1	1	3	45	27	4	59	73	47	47	41
1374	16	어린백호	소백호암영진격5	소백호암영진격4	1	6	1	1	4	45	35	4	62	77	50	50	43
1375	16	어린백호	소백호암영진격6	소백호암영진격5	1	6	1	1	5	45	43	4	66	82	53	53	45
1376	16	어린백호	소백호암영진격7	소백호암영진격6	1	6	1	1	6	45	51	4	70	86	56	56	47
1377	16	어린백호	소백호암영진격8	소백호암영진격7	1	6	1	1	7	45	59	4	73	91	59	59	49
1378	16	어린백호	소백호암영진격9	소백호암영진격8	1	6	1	1	8	45	67	4	77	95	61	61	51
1379	16	어린백호	소백호암영진격10	소백호암영진격9	1	6	1	1	9	45	75	4	81	100	64	64	53
1380	16	어린백호	소백호암영진격11	소백호암영진격10	1	6	1	1	10	45	83	4	84	104	67	67	55
1381	16	어린백호	소백호암영진격12	소백호암영진격11	1	6	1	1	11	45	91	4	88	109	70	70	57
1382	16	백호	백호암영진격	소백호암영진격	1	7	1	1	12	54	3	4	55	68	45	45	41
1383	16	백호	백호암영진격2	백호암영진격	1	7	1	1	1	54	11	4	59	73	48	48	43
1384	16	백호	백호암영진격3	백호암영진격2	1	7	1	1	2	54	19	4	62	77	50	50	45
1385	16	백호	백호암영진격4	백호암영진격3	1	7	1	1	3	54	27	4	66	82	53	53	47
1386	16	백호	백호암영진격5	백호암영진격4	1	7	1	1	4	54	35	4	70	87	56	56	49
1387	16	백호	백호암영진격6	백호암영진격5	1	7	1	1	5	54	43	4	74	91	59	59	51
1388	16	백호	백호암영진격7	백호암영진격6	1	7	1	1	6	54	51	4	77	96	62	62	53
1389	16	백호	백호암영진격8	백호암영진격7	1	7	1	1	7	54	59	4	81	100	65	65	54
1390	16	백호	백호암영진격9	백호암영진격8	1	7	1	1	8	54	67	4	85	105	67	67	56
1391	16	백호	백호암영진격10	백호암영진격9	1	7	1	1	9	54	75	4	88	110	70	70	58
1392	16	백호	백호암영진격11	백호암영진격10	1	7	1	1	10	54	83	4	92	114	73	73	60
1393	16	백호	백호암영진격12	백호암영진격11	1	7	1	1	11	54	91	4	96	119	76	76	62
1394	16	흰갈기호랑이	백엽호무영혈교	0	1	4	0	1	0	27	3	5	33	41	27	27	22
1395	16	흰갈기호랑이	백엽호무영혈교2	백엽호무영혈교	1	4	1	1	1	27	11	5	36	45	30	30	24
1396	16	흰갈기호랑이	백엽호무영혈교3	백엽호무영혈교2	1	4	1	1	2	27	19	5	40	50	32	32	26
1397	16	흰갈기호랑이	백엽호무영혈교4	백엽호무영혈교3	1	4	1	1	3	27	27	5	44	54	35	35	28
1398	16	흰갈기호랑이	백엽호무영혈교5	백엽호무영혈교4	1	4	1	1	4	27	35	5	47	59	38	38	31
1399	16	흰갈기호랑이	백엽호무영혈교6	백엽호무영혈교5	1	4	1	1	5	27	43	5	51	63	41	41	33
1400	16	흰갈기호랑이	백엽호무영혈교7	백엽호무영혈교6	1	4	1	1	6	27	51	5	54	67	44	44	35
1401	16	흰갈기호랑이	백엽호무영혈교8	백엽호무영혈교7	1	4	1	1	7	27	59	5	58	72	47	47	37
1402	16	흰갈기호랑이	백엽호무영혈교9	백엽호무영혈교8	1	4	1	1	8	27	67	5	61	76	49	49	40
1403	16	흰갈기호랑이	백엽호무영혈교10	백엽호무영혈교9	1	4	1	1	9	27	75	5	65	80	52	52	42
1404	16	흰갈기호랑이	백엽호무영혈교11	백엽호무영혈교10	1	4	1	1	10	27	83	5	68	85	55	55	44
1405	16	흰갈기호랑이	백엽호무영혈교12	백엽호무영혈교11	1	4	1	1	11	27	91	5	72	89	58	58	46
1406	16	아기백호	유백호무영혈교	백엽호무영혈교	1	5	1	1	12	36	3	5	40	50	33	33	29
1407	16	아기백호	유백호무영혈교2	유백호무영혈교	1	5	1	1	1	36	11	5	44	55	36	36	31
1408	16	아기백호	유백호무영혈교3	유백호무영혈교2	1	5	1	1	2	36	19	5	47	59	38	38	33
1409	16	아기백호	유백호무영혈교4	유백호무영혈교3	1	5	1	1	3	36	27	5	51	63	41	41	35
1410	16	아기백호	유백호무영혈교5	유백호무영혈교4	1	5	1	1	4	36	35	5	54	68	44	44	37
1411	16	아기백호	유백호무영혈교6	유백호무영혈교5	1	5	1	1	5	36	43	5	58	72	47	47	39
1412	16	아기백호	유백호무영혈교7	유백호무영혈교6	1	5	1	1	6	36	51	5	62	77	50	50	41
1413	16	아기백호	유백호무영혈교8	유백호무영혈교7	1	5	1	1	7	36	59	5	65	81	53	53	43
1414	16	아기백호	유백호무영혈교9	유백호무영혈교8	1	5	1	1	8	36	67	5	69	86	55	55	45
1415	16	아기백호	유백호무영혈교10	유백호무영혈교9	1	5	1	1	9	36	75	5	73	90	58	58	47
1416	16	아기백호	유백호무영혈교11	유백호무영혈교10	1	5	1	1	10	36	83	5	76	95	61	61	50
1417	16	아기백호	유백호무영혈교12	유백호무영혈교11	1	5	1	1	11	36	91	5	80	99	64	64	52
1418	16	어린백호	소백호무영혈교	유백호무영혈교	1	6	1	1	12	45	3	5	48	59	39	39	35
1419	16	어린백호	소백호무영혈교2	소백호무영혈교	1	6	1	1	1	45	11	5	52	64	42	42	37
1420	16	어린백호	소백호무영혈교3	소백호무영혈교2	1	6	1	1	2	45	19	5	55	68	44	44	39
1421	16	어린백호	소백호무영혈교4	소백호무영혈교3	1	6	1	1	3	45	27	5	59	73	47	47	41
1422	16	어린백호	소백호무영혈교5	소백호무영혈교4	1	6	1	1	4	45	35	5	62	77	50	50	43
1423	16	어린백호	소백호무영혈교6	소백호무영혈교5	1	6	1	1	5	45	43	5	66	82	53	53	45
1424	16	어린백호	소백호무영혈교7	소백호무영혈교6	1	6	1	1	6	45	51	5	70	86	56	56	47
1425	16	어린백호	소백호무영혈교8	소백호무영혈교7	1	6	1	1	7	45	59	5	73	91	59	59	49
1426	16	어린백호	소백호무영혈교9	소백호무영혈교8	1	6	1	1	8	45	67	5	77	95	61	61	51
1427	16	어린백호	소백호무영혈교10	소백호무영혈교9	1	6	1	1	9	45	75	5	81	100	64	64	53
1428	16	어린백호	소백호무영혈교11	소백호무영혈교10	1	6	1	1	10	45	83	5	84	104	67	67	55
1429	16	어린백호	소백호무영혈교12	소백호무영혈교11	1	6	1	1	11	45	91	5	88	109	70	70	57
1430	16	백호	백호무영혈교	소백호무영혈교	1	7	1	1	12	54	3	5	55	68	45	45	41
1431	16	백호	백호무영혈교2	백호무영혈교	1	7	1	1	1	54	11	5	59	73	48	48	43
1432	16	백호	백호무영혈교3	백호무영혈교2	1	7	1	1	2	54	19	5	62	77	50	50	45
1433	16	백호	백호무영혈교4	백호무영혈교3	1	7	1	1	3	54	27	5	66	82	53	53	47
1434	16	백호	백호무영혈교5	백호무영혈교4	1	7	1	1	4	54	35	5	70	87	56	56	49
1435	16	백호	백호무영혈교6	백호무영혈교5	1	7	1	1	5	54	43	5	74	91	59	59	51
1436	16	백호	백호무영혈교7	백호무영혈교6	1	7	1	1	6	54	51	5	77	96	62	62	53
1437	16	백호	백호무영혈교8	백호무영혈교7	1	7	1	1	7	54	59	5	81	100	65	65	54
1438	16	백호	백호무영혈교9	백호무영혈교8	1	7	1	1	8	54	67	5	85	105	67	67	56
1439	16	백호	백호무영혈교10	백호무영혈교9	1	7	1	1	9	54	75	5	88	110	70	70	58
1440	16	백호	백호무영혈교11	백호무영혈교10	1	7	1	1	10	54	83	5	92	114	73	73	60
1441	16	백호	백호무영혈교12	백호무영혈교11	1	7	1	1	11	54	91	5	96	119	76	76	62
1442	16	대호	마법장파열	0	1	3	0	4	0	18	7	6	27	33	22	22	18
1443	16	대호	마법장파열2	마법장파열	1	3	1	2	1	18	40	6	41	51	34	34	27
1444	16	대호	마법장파열3	마법장파열2	1	3	1	2	2	18	73	6	56	69	45	45	36
1445	16	흰갈기호랑이	마법장파열4	마법장파열3	1	3	1	2	3	18	7	6	35	43	28	28	23
1446	16	흰갈기호랑이	마법장파열5	마법장파열4	1	3	1	2	4	18	40	6	49	61	40	40	32
1447	16	흰갈기호랑이	마법장파열6	마법장파열5	1	3	1	2	5	18	73	6	64	79	51	51	41
1448	16	아기백호	마법장파열7	마법장파열6	1	3	1	2	6	18	7	6	42	52	34	34	30
1449	16	아기백호	마법장파열8	마법장파열7	1	3	1	2	7	18	40	6	57	71	46	46	38
1450	16	아기백호	마법장파열9	마법장파열8	1	3	1	2	8	18	73	6	72	89	57	57	47
1451	16	아기백호	유백호파산편타	0	1	5	0	1	0	36	5	7	41	51	33	33	29
1452	16	아기백호	유백호파산편타2	유백호파산편타	1	5	1	1	1	36	13	7	44	56	36	36	31
1453	16	아기백호	유백호파산편타3	유백호파산편타2	1	5	1	1	2	36	21	7	48	60	39	39	33
1454	16	아기백호	유백호파산편타4	유백호파산편타3	1	5	1	1	3	36	29	7	52	65	42	42	35
1455	16	아기백호	유백호파산편타5	유백호파산편타4	1	5	1	1	4	36	37	7	55	69	45	45	37
1456	16	아기백호	유백호파산편타6	유백호파산편타5	1	5	1	1	5	36	45	7	59	73	48	48	40
1457	16	아기백호	유백호파산편타7	유백호파산편타6	1	5	1	1	6	36	53	7	63	78	50	50	42
1458	16	아기백호	유백호파산편타8	유백호파산편타7	1	5	1	1	7	36	61	7	66	82	53	53	44
1459	16	아기백호	유백호파산편타9	유백호파산편타8	1	5	1	1	8	36	69	7	70	87	56	56	46
1460	16	아기백호	유백호파산편타10	유백호파산편타9	1	5	1	1	9	36	77	7	74	91	59	59	48
1461	16	아기백호	유백호파산편타11	유백호파산편타10	1	5	1	1	10	36	85	7	77	96	62	62	50
1462	16	아기백호	유백호파산편타12	유백호파산편타11	1	5	1	1	11	36	93	7	81	100	65	65	52
1463	16	어린백호	소백호파산편타	유백호파산편타	1	6	1	1	12	45	5	7	49	60	39	39	35
1464	16	어린백호	소백호파산편타2	소백호파산편타	1	6	1	1	1	45	13	7	52	65	42	42	37
1465	16	어린백호	소백호파산편타3	소백호파산편타2	1	6	1	1	2	45	21	7	56	69	45	45	39
1466	16	어린백호	소백호파산편타4	소백호파산편타3	1	6	1	1	3	45	29	7	60	74	48	48	41
1467	16	어린백호	소백호파산편타5	소백호파산편타4	1	6	1	1	4	45	37	7	63	78	51	51	43
1468	16	어린백호	소백호파산편타6	소백호파산편타5	1	6	1	1	5	45	45	7	67	83	54	54	45
1469	16	어린백호	소백호파산편타7	소백호파산편타6	1	6	1	1	6	45	53	7	71	87	56	56	47
1470	16	어린백호	소백호파산편타8	소백호파산편타7	1	6	1	1	7	45	61	7	74	92	59	59	49
1471	16	어린백호	소백호파산편타9	소백호파산편타8	1	6	1	1	8	45	69	7	78	96	62	62	51
1472	16	어린백호	소백호파산편타10	소백호파산편타9	1	6	1	1	9	45	77	7	82	101	65	65	53
1473	16	어린백호	소백호파산편타11	소백호파산편타10	1	6	1	1	10	45	85	7	85	106	68	68	55
1474	16	어린백호	소백호파산편타12	소백호파산편타11	1	6	1	1	11	45	93	7	89	110	71	71	57
1475	16	백호	백호파산편타	소백호파산편타	1	7	1	1	12	54	5	7	56	69	45	45	42
1476	16	백호	백호파산편타2	백호파산편타	1	7	1	1	1	54	13	7	60	74	48	48	44
1477	16	백호	백호파산편타3	백호파산편타2	1	7	1	1	2	54	21	7	63	79	51	51	46
1478	16	백호	백호파산편타4	백호파산편타3	1	7	1	1	3	54	29	7	67	83	54	54	48
1479	16	백호	백호파산편타5	백호파산편타4	1	7	1	1	4	54	37	7	71	88	57	57	49
1480	16	백호	백호파산편타6	백호파산편타5	1	7	1	1	5	54	45	7	74	92	60	60	51
1481	16	백호	백호파산편타7	백호파산편타6	1	7	1	1	6	54	53	7	78	97	62	62	53
1482	16	백호	백호파산편타8	백호파산편타7	1	7	1	1	7	54	61	7	82	102	65	65	55
1483	16	백호	백호파산편타9	백호파산편타8	1	7	1	1	8	54	69	7	86	106	68	68	57
1484	16	백호	백호파산편타10	백호파산편타9	1	7	1	1	9	54	77	7	89	111	71	71	59
1485	16	백호	백호파산편타11	백호파산편타10	1	7	1	1	10	54	85	7	93	115	74	74	61
1486	16	백호	백호파산편타12	백호파산편타11	1	7	1	1	11	54	93	7	97	120	77	77	62
1487	16	아기호랑이	유호잔영	0	6	1	0	3	0	0	4	8	9	10	9	9	9
1488	16	아기호랑이	유호잔영2	유호잔영	6	1	1	3	1	0	34	8	23	27	20	20	17
1489	16	아기호랑이	유호잔영3	유호잔영2	6	1	1	3	2	0	64	8	36	44	30	30	25
1490	16	아기호랑이	유호잔영4	유호잔영3	6	1	1	3	3	0	94	8	49	61	41	41	32
1491	16	호돌이	소호잔영	유호잔영	6	2	1	3	4	9	4	8	18	22	15	15	12
1492	16	호돌이	소호잔영2	소호잔영	6	2	1	3	1	9	34	8	31	38	26	26	20
1493	16	호돌이	소호잔영3	소호잔영2	6	2	1	3	2	9	64	8	44	54	36	36	29
1494	16	호돌이	소호잔영4	소호잔영3	6	2	1	3	3	9	94	8	57	71	47	47	37
1495	16	대호	대호잔영	소호잔영	6	3	1	3	4	18	4	8	25	32	21	21	17
