193	16	아기곰	아기곰박치기6	아기곰박치기5	1	1	1	1	5	0	43	1	24	30	19	32	19
194	16	아기곰	아기곰박치기7	아기곰박치기6	1	1	1	1	6	0	51	1	27	34	21	37	21
195	16	아기곰	아기곰박치기8	아기곰박치기7	1	1	1	1	7	0	59	1	30	38	23	41	23
196	16	아기곰	아기곰박치기9	아기곰박치기8	1	1	1	1	8	0	67	1	33	42	25	46	25
197	16	아기곰	아기곰박치기10	아기곰박치기9	1	1	1	1	9	0	75	1	36	46	27	51	27
198	16	아기곰	아기곰박치기11	아기곰박치기10	1	1	1	1	10	0	83	1	39	50	29	55	29
199	16	아기곰	아기곰박치기12	아기곰박치기11	1	1	1	1	11	0	91	1	43	54	31	60	31
200	16	곰돌이	곰돌이박치기	아기곰박치기	1	2	1	1	12	9	3	1	19	19	11	20	11
201	16	곰돌이	곰돌이박치기2	곰돌이박치기	1	2	1	1	1	9	11	1	22	23	13	25	13
202	16	곰돌이	곰돌이박치기3	곰돌이박치기2	1	2	1	1	2	9	19	1	24	27	15	29	15
203	16	곰돌이	곰돌이박치기4	곰돌이박치기3	1	2	1	1	3	9	27	1	27	31	17	33	17
204	16	곰돌이	곰돌이박치기5	곰돌이박치기4	1	2	1	1	4	9	35	1	30	35	20	38	20
205	16	곰돌이	곰돌이박치기6	곰돌이박치기5	1	2	1	1	5	9	43	1	33	39	22	42	22
206	16	곰돌이	곰돌이박치기7	곰돌이박치기6	1	2	1	1	6	9	51	1	36	43	24	47	24
207	16	곰돌이	곰돌이박치기8	곰돌이박치기7	1	2	1	1	7	9	59	1	39	47	26	51	26
208	16	곰돌이	곰돌이박치기9	곰돌이박치기8	1	2	1	1	8	9	67	1	41	51	29	56	29
209	16	곰돌이	곰돌이박치기10	곰돌이박치기9	1	2	1	1	9	9	75	1	44	55	31	60	31
210	16	곰돌이	곰돌이박치기11	곰돌이박치기10	1	2	1	1	10	9	83	1	47	59	33	65	33
211	16	곰돌이	곰돌이박치기12	곰돌이박치기11	1	2	1	1	11	9	91	1	50	63	35	69	35
212	16	흑곰	흑곰박치기	곰돌이박치기	1	3	1	1	12	18	3	1	23	29	16	31	16
213	16	흑곰	흑곰박치기2	흑곰박치기	1	3	1	1	1	18	11	1	26	33	18	35	18
214	16	흑곰	흑곰박치기3	흑곰박치기2	1	3	1	1	2	18	19	1	29	37	20	40	20
215	16	흑곰	흑곰박치기4	흑곰박치기3	1	3	1	1	3	18	27	1	32	41	22	44	22
216	16	흑곰	흑곰박치기5	흑곰박치기4	1	3	1	1	4	18	35	1	35	45	25	48	25
217	16	흑곰	흑곰박치기6	흑곰박치기5	1	3	1	1	5	18	43	1	38	49	27	52	27
218	16	흑곰	흑곰박치기7	흑곰박치기6	1	3	1	1	6	18	51	1	41	53	29	57	29
219	16	흑곰	흑곰박치기8	흑곰박치기7	1	3	1	1	7	18	59	1	44	57	31	61	31
220	16	흑곰	흑곰박치기9	흑곰박치기8	1	3	1	1	8	18	67	1	47	61	34	65	34
221	16	흑곰	흑곰박치기10	흑곰박치기9	1	3	1	1	9	18	75	1	50	65	36	70	36
222	16	흑곰	흑곰박치기11	흑곰박치기10	1	3	1	1	10	18	83	1	53	69	38	74	38
223	16	흑곰	흑곰박치기12	흑곰박치기11	1	3	1	1	11	18	91	1	57	73	40	78	40
224	16	반달가슴곰	반월곰박치기	흑곰박치기	1	4	1	1	12	27	3	1	30	38	21	40	21
225	16	반달가슴곰	반월곰박치기2	반월곰박치기	1	4	1	1	1	27	11	1	33	42	23	44	23
226	16	반달가슴곰	반월곰박치기3	반월곰박치기2	1	4	1	1	2	27	19	1	36	46	25	49	25
227	16	반달가슴곰	반월곰박치기4	반월곰박치기3	1	4	1	1	3	27	27	1	39	50	27	53	27
228	16	반달가슴곰	반월곰박치기5	반월곰박치기4	1	4	1	1	4	27	35	1	42	54	30	57	30
229	16	반달가슴곰	반월곰박치기6	반월곰박치기5	1	4	1	1	5	27	43	1	45	58	32	61	32
230	16	반달가슴곰	반월곰박치기7	반월곰박치기6	1	4	1	1	6	27	51	1	48	62	34	66	34
231	16	반달가슴곰	반월곰박치기8	반월곰박치기7	1	4	1	1	7	27	59	1	51	66	36	70	36
232	16	반달가슴곰	반월곰박치기9	반월곰박치기8	1	4	1	1	8	27	67	1	54	70	39	74	39
233	16	반달가슴곰	반월곰박치기10	반월곰박치기9	1	4	1	1	9	27	75	1	57	74	41	79	41
234	16	반달가슴곰	반월곰박치기11	반월곰박치기10	1	4	1	1	10	27	83	1	60	78	43	83	43
235	16	반달가슴곰	반월곰박치기12	반월곰박치기11	1	4	1	1	11	27	91	1	64	82	45	87	45
236	16	아기곰	아기곰할퀴기	0	1	1	0	1	0	0	3	2	9	9	9	9	9
237	16	아기곰	아기곰할퀴기2	아기곰할퀴기	1	1	1	1	1	0	11	2	12	13	11	14	11
238	16	아기곰	아기곰할퀴기3	아기곰할퀴기2	1	1	1	1	2	0	19	2	15	17	13	18	13
239	16	아기곰	아기곰할퀴기4	아기곰할퀴기3	1	1	1	1	3	0	27	2	18	21	15	23	15
240	16	아기곰	아기곰할퀴기5	아기곰할퀴기4	1	1	1	1	4	0	35	2	21	26	17	28	17
241	16	아기곰	아기곰할퀴기6	아기곰할퀴기5	1	1	1	1	5	0	43	2	24	30	19	32	19
242	16	아기곰	아기곰할퀴기7	아기곰할퀴기6	1	1	1	1	6	0	51	2	27	34	21	37	21
243	16	아기곰	아기곰할퀴기8	아기곰할퀴기7	1	1	1	1	7	0	59	2	30	38	23	41	23
244	16	아기곰	아기곰할퀴기9	아기곰할퀴기8	1	1	1	1	8	0	67	2	33	42	25	46	25
245	16	아기곰	아기곰할퀴기10	아기곰할퀴기9	1	1	1	1	9	0	75	2	36	46	27	51	27
246	16	아기곰	아기곰할퀴기11	아기곰할퀴기10	1	1	1	1	10	0	83	2	39	50	29	55	29
247	16	아기곰	아기곰할퀴기12	아기곰할퀴기11	1	1	1	1	11	0	91	2	43	54	31	60	31
248	16	곰돌이	곰돌이할퀴기	아기곰할퀴기	1	2	1	1	12	9	3	2	19	19	11	20	11
249	16	곰돌이	곰돌이할퀴기2	곰돌이할퀴기	1	2	1	1	1	9	11	2	22	23	13	25	13
250	16	곰돌이	곰돌이할퀴기3	곰돌이할퀴기2	1	2	1	1	2	9	19	2	24	27	15	29	15
251	16	곰돌이	곰돌이할퀴기4	곰돌이할퀴기3	1	2	1	1	3	9	27	2	27	31	17	33	17
252	16	곰돌이	곰돌이할퀴기5	곰돌이할퀴기4	1	2	1	1	4	9	35	2	30	35	20	38	20
253	16	곰돌이	곰돌이할퀴기6	곰돌이할퀴기5	1	2	1	1	5	9	43	2	33	39	22	42	22
254	16	곰돌이	곰돌이할퀴기7	곰돌이할퀴기6	1	2	1	1	6	9	51	2	36	43	24	47	24
255	16	곰돌이	곰돌이할퀴기8	곰돌이할퀴기7	1	2	1	1	7	9	59	2	39	47	26	51	26
256	16	곰돌이	곰돌이할퀴기9	곰돌이할퀴기8	1	2	1	1	8	9	67	2	41	51	29	56	29
257	16	곰돌이	곰돌이할퀴기10	곰돌이할퀴기9	1	2	1	1	9	9	75	2	44	55	31	60	31
258	16	곰돌이	곰돌이할퀴기11	곰돌이할퀴기10	1	2	1	1	10	9	83	2	47	59	33	65	33
259	16	곰돌이	곰돌이할퀴기12	곰돌이할퀴기11	1	2	1	1	11	9	91	2	50	63	35	69	35
260	16	흑곰	흑곰할퀴기	곰돌이할퀴기	1	3	1	1	12	18	3	2	23	29	16	31	16
261	16	흑곰	흑곰할퀴기2	흑곰할퀴기	1	3	1	1	1	18	11	2	26	33	18	35	18
262	16	흑곰	흑곰할퀴기3	흑곰할퀴기2	1	3	1	1	2	18	19	2	29	37	20	40	20
263	16	흑곰	흑곰할퀴기4	흑곰할퀴기3	1	3	1	1	3	18	27	2	32	41	22	44	22
264	16	흑곰	흑곰할퀴기5	흑곰할퀴기4	1	3	1	1	4	18	35	2	35	45	25	48	25
265	16	흑곰	흑곰할퀴기6	흑곰할퀴기5	1	3	1	1	5	18	43	2	38	49	27	52	27
266	16	흑곰	흑곰할퀴기7	흑곰할퀴기6	1	3	1	1	6	18	51	2	41	53	29	57	29
267	16	흑곰	흑곰할퀴기8	흑곰할퀴기7	1	3	1	1	7	18	59	2	44	57	31	61	31
268	16	흑곰	흑곰할퀴기9	흑곰할퀴기8	1	3	1	1	8	18	67	2	47	61	34	65	34
269	16	흑곰	흑곰할퀴기10	흑곰할퀴기9	1	3	1	1	9	18	75	2	50	65	36	70	36
270	16	흑곰	흑곰할퀴기11	흑곰할퀴기10	1	3	1	1	10	18	83	2	53	69	38	74	38
271	16	흑곰	흑곰할퀴기12	흑곰할퀴기11	1	3	1	1	11	18	91	2	57	73	40	78	40
272	16	반달가슴곰	반월곰할퀴기	흑곰할퀴기	1	4	1	1	12	27	3	2	30	38	21	40	21
273	16	반달가슴곰	반월곰할퀴기2	반월곰할퀴기	1	4	1	1	1	27	11	2	33	42	23	44	23
274	16	반달가슴곰	반월곰할퀴기3	반월곰할퀴기2	1	4	1	1	2	27	19	2	36	46	25	49	25
275	16	반달가슴곰	반월곰할퀴기4	반월곰할퀴기3	1	4	1	1	3	27	27	2	39	50	27	53	27
276	16	반달가슴곰	반월곰할퀴기5	반월곰할퀴기4	1	4	1	1	4	27	35	2	42	54	30	57	30
277	16	반달가슴곰	반월곰할퀴기6	반월곰할퀴기5	1	4	1	1	5	27	43	2	45	58	32	61	32
278	16	반달가슴곰	반월곰할퀴기7	반월곰할퀴기6	1	4	1	1	6	27	51	2	48	62	34	66	34
279	16	반달가슴곰	반월곰할퀴기8	반월곰할퀴기7	1	4	1	1	7	27	59	2	51	66	36	70	36
280	16	반달가슴곰	반월곰할퀴기9	반월곰할퀴기8	1	4	1	1	8	27	67	2	54	70	39	74	39
281	16	반달가슴곰	반월곰할퀴기10	반월곰할퀴기9	1	4	1	1	9	27	75	2	57	74	41	79	41
282	16	반달가슴곰	반월곰할퀴기11	반월곰할퀴기10	1	4	1	1	10	27	83	2	60	78	43	83	43
283	16	반달가슴곰	반월곰할퀴기12	반월곰할퀴기11	1	4	1	1	11	27	91	2	64	82	45	87	45
284	16	곰돌이	파쇄의으르렁거림	0	1	2	0	2	0	9	23	3	26	29	16	31	16
285	16	곰돌이	파쇄의으르렁거림2	파쇄의으르렁거림	1	2	1	2	1	9	43	3	33	39	22	42	22
286	16	곰돌이	파쇄의으르렁거림3	파쇄의으르렁거림2	1	2	1	2	2	9	63	3	40	49	28	53	28
287	16	곰돌이	파쇄의으르렁거림4	파쇄의으르렁거림3	1	2	1	2	3	9	83	3	47	59	33	65	33
288	16	흑곰	파쇄의으르렁거림5	파쇄의으르렁거림4	1	2	1	2	4	9	23	3	30	39	21	42	21
289	16	흑곰	파쇄의으르렁거림6	파쇄의으르렁거림5	1	2	1	2	5	9	43	3	38	49	27	52	27
290	16	흑곰	파쇄의으르렁거림7	파쇄의으르렁거림6	1	2	1	2	6	9	63	3	46	59	33	63	33
291	16	흑곰	파쇄의으르렁거림8	파쇄의으르렁거림7	1	2	1	2	7	9	83	3	53	69	38	74	38
292	16	반달가슴곰	파쇄의으르렁거림9	파쇄의으르렁거림8	1	2	1	2	8	9	23	3	37	48	26	51	26
293	16	반달가슴곰	파쇄의으르렁거림10	파쇄의으르렁거림9	1	2	1	2	9	9	43	3	45	58	32	61	32
294	16	반달가슴곰	파쇄의으르렁거림11	파쇄의으르렁거림10	1	2	1	2	10	9	63	3	53	68	38	72	38
295	16	반달가슴곰	파쇄의으르렁거림12	파쇄의으르렁거림11	1	2	1	2	11	9	83	3	60	78	43	83	43
296	16	흑곰	흑곰노도진격	0	1	3	0	1	0	18	20	4	29	37	20	40	20
297	16	흑곰	흑곰노도진격2	흑곰노도진격	1	3	1	1	1	18	40	4	37	47	26	51	26
298	16	흑곰	흑곰노도진격3	흑곰노도진격2	1	3	1	1	2	18	60	4	45	57	32	62	32
299	16	흑곰	흑곰노도진격4	흑곰노도진격3	1	3	1	1	3	18	80	4	52	67	37	72	37
300	16	반달가슴곰	반월곰노도진격	흑곰노도진격	1	4	1	1	4	27	20	4	36	46	25	49	25
301	16	반달가슴곰	반월곰노도진격2	반월곰노도진격	1	4	1	1	1	27	40	4	44	56	31	60	31
302	16	반달가슴곰	반월곰노도진격3	반월곰노도진격2	1	4	1	1	2	27	60	4	52	66	37	71	37
303	16	반달가슴곰	반월곰노도진격4	반월곰노도진격3	1	4	1	1	3	27	80	4	59	76	42	81	42
304	16	반달가슴곰	극쇄천웅참	0	1	4	0	2	0	27	27	5	39	50	27	53	27
305	16	반달가슴곰	극쇄천웅참2	극쇄천웅참	1	4	1	2	1	27	57	5	50	65	36	69	36
306	16	반달가슴곰	극쇄천웅참3	극쇄천웅참2	1	4	1	2	2	27	87	5	62	80	44	85	44
307	16	반달가슴곰	비파천웅타	0	1	4	0	2	0	27	27	6	39	50	27	53	27
308	16	반달가슴곰	비파천웅타2	비파천웅타	1	4	1	2	1	27	57	6	50	65	36	69	36
309	16	반달가슴곰	비파천웅타3	비파천웅타2	1	4	2	2	2	27	87	6	62	80	44	85	44
310	16	아기곰	나무껍질피갑	0	2	1	0	1	0	0	3	7	9	9	9	9	9
311	16	아기곰	나무껍질피갑2	나무껍질피갑	2	1	1	1	1	0	11	7	12	13	11	14	11
312	16	아기곰	나무껍질피갑3	나무껍질피갑2	2	1	1	1	2	0	19	7	15	17	13	18	13
313	16	아기곰	나무껍질피갑4	나무껍질피갑3	2	1	1	1	3	0	27	7	18	21	15	23	15
314	16	아기곰	나무껍질피갑5	나무껍질피갑4	2	1	1	1	4	0	35	7	21	26	17	28	17
315	16	아기곰	나무껍질피갑6	나무껍질피갑5	2	1	1	1	5	0	43	7	24	30	19	32	19
316	16	아기곰	나무껍질피갑7	나무껍질피갑6	2	1	1	1	6	0	51	7	27	34	21	37	21
317	16	아기곰	나무껍질피갑8	나무껍질피갑7	2	1	1	1	7	0	59	7	30	38	23	41	23
318	16	아기곰	나무껍질피갑9	나무껍질피갑8	2	1	1	1	8	0	67	7	33	42	25	46	25
319	16	아기곰	나무껍질피갑10	나무껍질피갑9	2	1	1	1	9	0	75	7	36	46	27	51	27
320	16	아기곰	나무껍질피갑11	나무껍질피갑10	2	1	1	1	10	0	83	7	39	50	29	55	29
321	16	아기곰	나무껍질피갑12	나무껍질피갑11	2	1	1	1	11	0	91	7	43	54	31	60	31
322	16	곰돌이	바위피갑	나무껍질피갑	2	2	1	1	12	9	3	7	19	19	11	20	11
323	16	곰돌이	바위피갑2	바위피갑	2	2	1	1	1	9	11	7	22	23	13	25	13
324	16	곰돌이	바위피갑3	바위피갑2	2	2	1	1	2	9	19	7	24	27	15	29	15
325	16	곰돌이	바위피갑4	바위피갑3	2	2	1	1	3	9	27	7	27	31	17	33	17
326	16	곰돌이	바위피갑5	바위피갑4	2	2	1	1	4	9	35	7	30	35	20	38	20
327	16	곰돌이	바위피갑6	바위피갑5	2	2	1	1	5	9	43	7	33	39	22	42	22
328	16	곰돌이	바위피갑7	바위피갑6	2	2	1	1	6	9	51	7	36	43	24	47	24
329	16	곰돌이	바위피갑8	바위피갑7	2	2	1	1	7	9	59	7	39	47	26	51	26
330	16	곰돌이	바위피갑9	바위피갑8	2	2	1	1	8	9	67	7	41	51	29	56	29
331	16	곰돌이	바위피갑10	바위피갑9	2	2	1	1	9	9	75	7	44	55	31	60	31
332	16	곰돌이	바위피갑11	바위피갑10	2	2	1	1	10	9	83	7	47	59	33	65	33
333	16	곰돌이	바위피갑12	바위피갑11	2	2	1	1	11	9	91	7	50	63	35	69	35
334	16	흑곰	청동피갑	바위피갑	2	3	1	1	12	18	3	7	23	29	16	31	16
335	16	흑곰	청동피갑2	청동피갑	2	3	1	1	1	18	11	7	26	33	18	35	18
336	16	흑곰	청동피갑3	청동피갑2	2	3	1	1	2	18	19	7	29	37	20	40	20
337	16	흑곰	청동피갑4	청동피갑3	2	3	1	1	3	18	27	7	32	41	22	44	22
338	16	흑곰	청동피갑5	청동피갑4	2	3	1	1	4	18	35	7	35	45	25	48	25
339	16	흑곰	청동피갑6	청동피갑5	2	3	1	1	5	18	43	7	38	49	27	52	27
340	16	흑곰	청동피갑7	청동피갑6	2	3	1	1	6	18	51	7	41	53	29	57	29
341	16	흑곰	청동피갑8	청동피갑7	2	3	1	1	7	18	59	7	44	57	31	61	31
342	16	흑곰	청동피갑9	청동피갑8	2	3	1	1	8	18	67	7	47	61	34	65	34
343	16	흑곰	청동피갑10	청동피갑9	2	3	1	1	9	18	75	7	50	65	36	70	36
344	16	흑곰	청동피갑11	청동피갑10	2	3	1	1	10	18	83	7	53	69	38	74	38
345	16	흑곰	청동피갑12	청동피갑11	2	3	1	1	11	18	91	7	57	73	40	78	40
346	16	반달가슴곰	강철피갑	청동피갑	2	4	1	1	12	27	3	7	30	38	21	40	21
347	16	반달가슴곰	강철피갑2	강철피갑	2	4	1	1	1	27	11	7	33	42	23	44	23
348	16	반달가슴곰	강철피갑3	강철피갑2	2	4	1	1	2	27	19	7	36	46	25	49	25
349	16	반달가슴곰	강철피갑4	강철피갑3	2	4	1	1	3	27	27	7	39	50	27	53	27
350	16	반달가슴곰	강철피갑5	강철피갑4	2	4	1	1	4	27	35	7	42	54	30	57	30
351	16	반달가슴곰	강철피갑6	강철피갑5	2	4	1	1	5	27	43	7	45	58	32	61	32
352	16	반달가슴곰	강철피갑7	강철피갑6	2	4	1	1	6	27	51	7	48	62	34	66	34
353	16	반달가슴곰	강철피갑8	강철피갑7	2	4	1	1	7	27	59	7	51	66	36	70	36
354	16	반달가슴곰	강철피갑9	강철피갑8	2	4	1	1	8	27	67	7	54	70	39	74	39
355	16	반달가슴곰	강철피갑10	강철피갑9	2	4	1	1	9	27	75	7	57	74	41	79	41
356	16	반달가슴곰	강철피갑11	강철피갑10	2	4	1	1	10	27	83	7	60	78	43	83	43
357	16	반달가슴곰	강철피갑12	강철피갑11	2	4	1	1	11	27	91	7	64	82	45	87	45
358	16	아기곰	아기곰자기치유	0	2	1	0	1	0	0	3	8	9	9	9	9	9
359	16	아기곰	아기곰자기치유2	아기곰자기치유	2	1	1	1	1	0	13	8	13	14	11	15	11
360	16	아기곰	아기곰자기치유3	아기곰자기치유2	2	1	1	1	2	0	23	8	16	19	14	21	14
361	16	아기곰	아기곰자기치유4	아기곰자기치유3	2	1	1	1	3	0	33	8	20	24	16	26	16
362	16	아기곰	아기곰자기치유5	아기곰자기치유4	2	1	1	1	4	0	43	8	24	30	19	32	19
363	16	아기곰	아기곰자기치유6	아기곰자기치유5	2	1	1	1	5	0	53	8	28	35	21	38	21
364	16	아기곰	아기곰자기치유7	아기곰자기치유6	2	1	1	1	6	0	63	8	32	40	24	44	24
365	16	아기곰	아기곰자기치유8	아기곰자기치유7	2	1	1	1	7	0	73	8	36	45	26	49	26
366	16	아기곰	아기곰자기치유9	아기곰자기치유8	2	1	1	1	8	0	83	8	39	50	29	55	29
367	16	곰돌이	곰돌이자기치유	아기곰자기치유	2	2	1	1	9	9	3	8	19	19	11	20	11
368	16	곰돌이	곰돌이자기치유2	곰돌이자기치유	2	2	1	1	1	9	13	8	22	24	13	26	13
369	16	곰돌이	곰돌이자기치유3	곰돌이자기치유2	2	2	1	1	2	9	23	8	26	29	16	31	16
370	16	곰돌이	곰돌이자기치유4	곰돌이자기치유3	2	2	1	1	3	9	33	8	29	34	19	37	19
371	16	곰돌이	곰돌이자기치유5	곰돌이자기치유4	2	2	1	1	4	9	43	8	33	39	22	42	22
372	16	곰돌이	곰돌이자기치유6	곰돌이자기치유5	2	2	1	1	5	9	53	8	36	44	25	48	25
373	16	곰돌이	곰돌이자기치유7	곰돌이자기치유6	2	2	1	1	6	9	63	8	40	49	28	53	28
374	16	곰돌이	곰돌이자기치유8	곰돌이자기치유7	2	2	1	1	7	9	73	8	43	54	30	59	30
375	16	곰돌이	곰돌이자기치유9	곰돌이자기치유8	2	2	1	1	8	9	83	8	47	59	33	65	33
376	16	흑곰	흑곰자기치유	곰돌이자기치유	2	3	1	1	9	18	3	8	23	29	16	31	16
377	16	흑곰	흑곰자기치유2	흑곰자기치유	2	3	1	1	1	18	13	8	27	34	18	36	18
378	16	흑곰	흑곰자기치유3	흑곰자기치유2	2	3	1	1	2	18	23	8	30	39	21	42	21
