50,0
51,0
52,0
53,0
54,0
55,0
56,0
57,0
58,0
59,0
60,0
61,0
62,0
63,0
64,0
65,0
66,0
67,0
68,0
69,0
72,0
73,0
75,0
77,0
78,0
82,0
84,0
86,0
87,0
88,0
89,0
90,0
91,0
92,0
93,0
94,0
95,0
96,0
97,0
98,0
99,0
100,0
101,0
102,0
103,0
104,0
105,0
106,0
107,0
108,0
109,0
110,0
111,0
112,0
113,0
114,0
115,0
116,0
117,0
118,0
119,0
120,0
121,0
122,0
123,0
124,0
125,0
126,0
127,0
128,0
129,0
130,0
131,0
132,0
133,0
134,0
135,0
136,0
137,0
138,0
139,0
140,0
141,0
142,0
143,0
144,0
145,0
146,0
147,0
148,0
149,0
150,0
151,0
152,0
153,0
154,0
155,0
156,0
157,0
158,0
159,0
160,0
161,0
162,0
163,0
164,0
165,0
166,0
167,0
168,0
169,0
170,0
171,0
172,0
173,0
174,0
175,0
176,0
177,0
178,0
179,0
180,0
181,0
182,0
183,0
184,0
185,0
186,0
187,0
188,0
189,0
190,0
191,0
192,0
193,0
194,0
195,0
196,0
197,0
198,0
199,0
200,0
201,0
202,0
203,0
204,0
211,0
212,0
213,0
214,0
215,0
216,0
217,0
218,0
219,0
49,1
50,1
51,1
52,1
53,1
54,1
55,1
56,1
57,1
58,1
59,1
60,1
61,1
62,1
63,1
64,1
65,1
66,1
67,1
68,1
69,1
72,1
73,1
75,1
80,1
82,1
84,1
86,1
87,1
88,1
89,1
90,1
91,1
92,1
93,1
94,1
95,1
96,1
97,1
98,1
99,1
100,1
101,1
102,1
103,1
104,1
105,1
106,1
107,1
108,1
109,1
110,1
111,1
112,1
113,1
114,1
115,1
116,1
117,1
118,1
119,1
120,1
121,1
122,1
123,1
124,1
125,1
126,1
127,1
128,1
129,1
130,1
131,1
132,1
133,1
134,1
135,1
136,1
137,1
138,1
139,1
140,1
141,1
142,1
143,1
144,1
145,1
146,1
147,1
148,1
149,1
150,1
151,1
152,1
153,1
154,1
155,1
156,1
157,1
158,1
159,1
160,1
161,1
162,1
163,1
164,1
165,1
166,1
167,1
168,1
169,1
170,1
171,1
172,1
173,1
174,1
175,1
176,1
177,1
178,1
179,1
180,1
181,1
182,1
183,1
184,1
185,1
186,1
187,1
188,1
189,1
190,1
191,1
192,1
193,1
194,1
195,1
196,1
197,1
198,1
199,1
200,1
201,1
202,1
203,1
204,1
211,1
212,1
213,1
214,1
215,1
216,1
217,1
218,1
219,1
49,2
50,2
51,2
52,2
53,2
54,2
55,2
56,2
57,2
58,2
59,2
60,2
61,2
62,2
63,2
64,2
65,2
66,2
67,2
68,2
69,2
72,2
77,2
78,2
80,2
89,2
90,2
91,2
92,2
93,2
94,2
95,2
96,2
97,2
98,2
99,2
100,2
101,2
102,2
103,2
104,2
105,2
106,2
107,2
108,2
109,2
110,2
111,2
112,2
113,2
114,2
115,2
116,2
117,2
118,2
119,2
120,2
121,2
122,2
123,2
124,2
125,2
126,2
127,2
128,2
129,2
130,2
131,2
132,2
133,2
134,2
135,2
136,2
137,2
138,2
139,2
140,2
141,2
142,2
143,2
144,2
145,2
146,2
147,2
148,2
149,2
150,2
151,2
152,2
153,2
154,2
155,2
156,2
157,2
158,2
159,2
160,2
161,2
162,2
163,2
164,2
165,2
166,2
167,2
168,2
169,2
170,2
171,2
172,2
173,2
174,2
175,2
176,2
177,2
178,2
179,2
180,2
181,2
182,2
183,2
184,2
185,2
186,2
187,2
188,2
189,2
190,2
191,2
192,2
193,2
194,2
195,2
196,2
197,2
198,2
199,2
200,2
201,2
202,2
203,2
204,2
211,2
212,2
213,2
214,2
215,2
216,2
217,2
218,2
219,2
49,3
50,3
51,3
52,3
53,3
54,3
55,3
56,3
57,3
58,3
59,3
60,3
61,3
62,3
63,3
64,3
65,3
66,3
67,3
68,3
69,3
72,3
75,3
78,3
82,3
84,3
87,3
88,3
89,3
90,3
91,3
92,3
93,3
94,3
95,3
96,3
97,3
98,3
99,3
100,3
101,3
102,3
103,3
104,3
105,3
106,3
107,3
108,3
109,3
110,3
111,3
112,3
113,3
114,3
115,3
116,3
117,3
118,3
119,3
120,3
121,3
122,3
123,3
124,3
125,3
126,3
127,3
128,3
129,3
130,3
131,3
132,3
133,3
134,3
135,3
136,3
137,3
138,3
139,3
140,3
141,3
142,3
143,3
144,3
145,3
146,3
147,3
148,3
149,3
150,3
151,3
152,3
153,3
154,3
155,3
156,3
157,3
158,3
159,3
160,3
161,3
162,3
163,3
164,3
165,3
166,3
167,3
168,3
169,3
170,3
171,3
172,3
173,3
174,3
175,3
176,3
177,3
178,3
179,3
180,3
181,3
182,3
183,3
184,3
185,3
186,3
187,3
188,3
189,3
190,3
191,3
192,3
193,3
194,3
195,3
196,3
197,3
198,3
199,3
200,3
201,3
202,3
203,3
204,3
211,3
212,3
213,3
214,3
215,3
216,3
217,3
218,3
219,3
64,4
65,4
66,4
67,4
68,4
69,4
72,4
80,4
82,4
84,4
85,4
87,4
90,4
91,4
92,4
93,4
113,4
114,4
115,4
116,4
117,4
118,4
119,4
120,4
121,4
122,4
136,4
137,4
138,4
139,4
140,4
141,4
156,4
157,4
158,4
159,4
160,4
161,4
162,4
163,4
164,4
165,4
166,4
167,4
168,4
169,4
170,4
171,4
172,4
173,4
174,4
175,4
176,4
177,4
178,4
179,4
180,4
181,4
182,4
183,4
184,4
185,4
186,4
187,4
188,4
189,4
190,4
191,4
192,4
193,4
194,4
195,4
196,4
197,4
198,4
199,4
200,4
201,4
202,4
203,4
204,4
218,4
219,4
64,5
65,5
66,5
67,5
68,5
69,5
72,5
75,5
76,5
77,5
80,5
84,5
85,5
90,5
91,5
92,5
93,5
112,5
113,5
114,5
115,5
116,5
117,5
118,5
119,5
120,5
121,5
122,5
123,5
136,5
137,5
138,5
139,5
140,5
141,5
156,5
157,5
158,5
159,5
160,5
162,5
163,5
164,5
165,5
166,5
167,5
168,5
169,5
170,5
171,5
172,5
173,5
174,5
179,5
180,5
181,5
182,5
187,5
188,5
189,5
190,5
191,5
192,5
193,5
194,5
195,5
196,5
197,5
198,5
218,5
219,5
64,6
65,6
66,6
67,6
68,6
69,6
72,6
79,6
80,6
82,6
90,6
91,6
92,6
93,6
112,6
113,6
114,6
115,6
116,6
117,6
118,6
119,6
120,6
121,6
122,6
123,6
136,6
137,6
138,6
139,6
140,6
141,6
156,6
157,6
158,6
159,6
160,6
161,6
162,6
163,6
164,6
165,6
166,6
167,6
168,6
169,6
170,6
171,6
172,6
173,6
188,6
189,6
190,6
191,6
192,6
193,6
194,6
195,6
196,6
197,6
198,6
218,6
219,6
64,7
65,7
66,7
67,7
68,7
69,7
76,7
77,7
80,7
82,7
84,7
85,7
90,7
91,7
92,7
93,7
112,7
113,7
114,7
115,7
116,7
117,7
118,7
119,7
120,7
121,7
122,7
123,7
136,7
137,7
138,7
139,7
140,7
141,7
156,7
157,7
158,7
159,7
160,7
161,7
162,7
163,7
164,7
165,7
166,7
167,7
168,7
169,7
170,7
171,7
172,7
191,7
192,7
193,7
194,7
195,7
196,7
197,7
198,7
218,7
219,7
76,8
77,8
78,8
112,8
113,8
114,8
115,8
116,8
117,8
118,8
119,8
120,8
121,8
122,8
123,8
162,8
163,8
164,8
165,8
166,8
167,8
168,8
169,8
170,8
171,8
172,8
176,8
177,8
178,8
179,8
180,8
181,8
182,8
183,8
184,8
185,8
191,8
192,8
193,8
194,8
195,8
196,8
197,8
198,8
217,8
218,8
219,8
77,9
78,9
79,9
80,9
81,9
82,9
83,9
84,9
85,9
112,9
113,9
114,9
115,9
116,9
117,9
163,9
164,9
165,9
166,9
167,9
168,9
175,9
176,9
177,9
178,9
179,9
180,9
181,9
182,9
183,9
184,9
185,9
186,9
195,9
196,9
197,9
198,9
216,9
217,9
218,9
219,9
112,10
113,10
114,10
115,10
116,10
117,10
137,10
138,10
139,10
140,10
141,10
142,10
143,10
144,10
164,10
165,10
166,10
167,10
168,10
174,10
175,10
176,10
177,10
178,10
179,10
180,10
181,10
182,10
183,10
184,10
185,10
186,10
187,10
188,10
189,10
195,10
196,10
197,10
198,10
215,10
216,10
217,10
218,10
219,10
112,11
113,11
114,11
115,11
116,11
117,11
136,11
137,11
138,11
139,11
140,11
141,11
142,11
143,11
144,11
145,11
166,11
167,11
168,11
174,11
175,11
176,11
177,11
178,11
179,11
180,11
181,11
182,11
183,11
184,11
185,11
186,11
187,11
188,11
189,11
195,11
196,11
197,11
198,11
214,11
215,11
216,11
217,11
218,11
219,11
112,12
113,12
114,12
115,12
116,12
117,12
136,12
137,12
138,12
139,12
140,12
141,12
142,12
143,12
144,12
145,12
166,12
167,12
168,12
172,12
173,12
174,12
175,12
176,12
177,12
178,12
179,12
180,12
181,12
182,12
183,12
184,12
185,12
186,12
187,12
188,12
189,12
190,12
191,12
192,12
196,12
197,12
198,12
212,12
213,12
214,12
215,12
216,12
217,12
218,12
219,12
78,13
79,13
80,13
81,13
82,13
83,13
84,13
85,13
136,13
137,13
138,13
139,13
140,13
141,13
142,13
143,13
144,13
145,13
147,13
148,13
149,13
150,13
151,13
152,13
153,13
154,13
166,13
167,13
168,13
172,13
173,13
174,13
175,13
176,13
177,13
178,13
179,13
180,13
181,13
182,13
183,13
184,13
185,13
186,13
187,13
188,13
189,13
190,13
191,13
192,13
196,13
197,13
198,13
211,13
212,13
213,13
214,13
215,13
216,13
217,13
218,13
219,13
78,14
79,14
80,14
81,14
82,14
83,14
84,14
85,14
140,14
141,14
145,14
147,14
148,14
149,14
150,14
151,14
152,14
153,14
154,14
155,14
167,14
168,14
171,14
172,14
173,14
174,14
175,14
176,14
177,14
178,14
179,14
180,14
181,14
182,14
183,14
184,14
185,14
186,14
187,14
188,14
189,14
190,14
191,14
192,14
196,14
197,14
211,14
212,14
213,14
214,14
215,14
216,14
217,14
218,14
219,14
78,15
79,15
80,15
81,15
82,15
83,15
84,15
85,15
86,15
87,15
88,15
89,15
90,15
91,15
92,15
93,15
94,15
95,15
96,15
97,15
98,15
99,15
100,15
101,15
102,15
146,15
147,15
148,15
149,15
150,15
151,15
152,15
153,15
154,15
155,15
156,15
177,15
178,15
179,15
180,15
181,15
182,15
183,15
184,15
185,15
186,15
187,15
188,15
189,15
190,15
191,15
192,15
211,15
212,15
213,15
214,15
215,15
216,15
217,15
218,15
219,15
78,16
79,16
80,16
81,16
82,16
83,16
84,16
85,16
86,16
87,16
88,16
89,16
90,16
91,16
92,16
93,16
94,16
95,16
96,16
97,16
98,16
99,16
100,16
101,16
102,16
146,16
147,16
148,16
149,16
150,16
151,16
152,16
153,16
154,16
177,16
178,16
179,16
180,16
181,16
182,16
183,16
184,16
185,16
186,16
187,16
188,16
189,16
190,16
191,16
218,16
219,16
78,17
79,17
80,17
81,17
82,17
83,17
84,17
85,17
86,17
87,17
88,17
89,17
90,17
91,17
92,17
93,17
94,17
95,17
96,17
97,17
98,17
99,17
100,17
101,17
102,17
150,17
151,17
152,17
153,17
178,17
179,17
180,17
181,17
182,17
183,17
184,17
185,17
186,17
187,17
188,17
189,17
190,17
218,17
219,17
78,18
79,18
80,18
81,18
82,18
83,18
84,18
85,18
86,18
87,18
88,18
89,18
90,18
91,18
92,18
93,18
94,18
95,18
96,18
97,18
98,18
99,18
100,18
101,18
102,18
103,18
104,18
105,18
106,18
180,18
181,18
182,18
183,18
184,18
185,18
186,18
187,18
188,18
189,18
218,18
219,18
79,19
80,19
81,19
82,19
83,19
84,19
85,19
86,19
87,19
88,19
89,19
90,19
91,19
92,19
93,19
94,19
95,19
96,19
97,19
98,19
99,19
100,19
101,19
102,19
103,19
104,19
105,19
106,19
180,19
181,19
182,19
183,19
184,19
185,19
218,19
219,19
82,20
83,20
84,20
85,20
86,20
87,20
88,20
89,20
90,20
91,20
92,20
93,20
94,20
95,20
96,20
97,20
98,20
99,20
100,20
101,20
102,20
103,20
104,20
105,20
106,20
123,20
124,20
125,20
126,20
127,20
128,20
129,20
130,20
181,20
182,20
183,20
184,20
82,21
83,21
84,21
85,21
86,21
87,21
88,21
89,21
90,21
97,21
98,21
99,21
100,21
101,21
102,21
103,21
104,21
105,21
106,21
107,21
108,21
109,21
110,21
111,21
122,21
123,21
124,21
125,21
126,21
127,21
128,21
129,21
130,21
131,21
83,22
84,22
85,22
86,22
87,22
88,22
89,22
97,22
98,22
99,22
100,22
101,22
102,22
103,22
104,22
105,22
106,22
107,22
108,22
109,22
110,22
111,22
122,22
123,22
124,22
125,22
126,22
127,22
128,22
129,22
130,22
131,22
97,23
98,23
99,23
100,23
101,23
102,23
103,23
104,23
105,23
106,23
107,23
108,23
109,23
110,23
111,23
122,23
123,23
124,23
125,23
126,23
127,23
128,23
129,23
130,23
131,23
97,24
98,24
99,24
100,24
101,24
102,24
103,24
104,24
105,24
106,24
107,24
108,24
109,24
110,24
111,24
126,24
127,24
128,24
129,24
130,24
131,24
98,25
99,25
100,25
101,25
102,25
103,25
104,25
105,25
106,25
107,25
108,25
109,25
110,25
111,25
126,25
127,25
128,25
129,25
130,25
131,25
103,26
104,26
105,26
106,26
107,26
108,26
109,26
110,26
111,26
126,26
127,26
128,26
129,26
130,26
131,26
103,27
104,27
105,27
106,27
107,27
108,27
109,27
110,27
111,27
126,27
127,27
128,27
129,27
130,27
131,27
103,28
104,28
105,28
106,28
107,28
108,28
109,28
110,28
111,28
103,29
104,29
105,29
106,29
107,29
108,29
109,29
110,29
111,29
132,29
133,29
134,29
135,29
136,29
100,30
101,30
102,30
103,30
104,30
105,30
106,30
107,30
108,30
109,30
110,30
111,30
131,30
132,30
133,30
134,30
135,30
136,30
137,30
99,31
100,31
101,31
102,31
103,31
104,31
105,31
106,31
107,31
108,31
109,31
110,31
111,31
130,31
131,31
132,31
133,31
134,31
135,31
136,31
137,31
138,31
98,32
99,32
100,32
101,32
102,32
103,32
104,32
105,32
106,32
107,32
108,32
109,32
110,32
111,32
126,32
127,32
128,32
129,32
130,32
131,32
132,32
133,32
134,32
135,32
136,32
137,32
138,32
139,32
140,32
141,32
142,32
143,32
144,32
145,32
146,32
125,33
126,33
127,33
128,33
129,33
130,33
131,33
132,33
133,33
134,33
135,33
136,33
137,33
138,33
139,33
140,33
141,33
142,33
143,33
144,33
145,33
146,33
147,33
176,33
177,33
178,33
179,33
180,33
125,34
126,34
127,34
128,34
129,34
130,34
131,34
132,34
133,34
134,34
135,34
136,34
137,34
138,34
139,34
140,34
141,34
142,34
143,34
144,34
145,34
146,34
147,34
175,34
176,34
177,34
178,34
179,34
180,34
181,34
98,35
99,35
100,35
101,35
102,35
103,35
104,35
105,35
106,35
107,35
108,35
109,35
110,35
111,35
125,35
126,35
127,35
128,35
129,35
130,35
131,35
132,35
133,35
134,35
135,35
136,35
137,35
138,35
139,35
140,35
141,35
142,35
143,35
144,35
145,35
146,35
147,35
174,35
175,35
176,35
177,35
178,35
179,35
180,35
181,35
182,35
183,35
184,35
185,35
93,36
94,36
95,36
96,36
97,36
98,36
99,36
100,36
101,36
102,36
103,36
104,36
105,36
106,36
107,36
108,36
109,36
110,36
111,36
142,36
143,36
144,36
145,36
146,36
147,36
166,36
167,36
168,36
169,36
170,36
171,36
172,36
173,36
174,36
175,36
176,36
177,36
178,36
179,36
180,36
181,36
182,36
183,36
184,36
185,36
186,36
89,37
90,37
91,37
92,37
93,37
94,37
95,37
96,37
97,37
98,37
99,37
100,37
101,37
102,37
103,37
104,37
105,37
106,37
107,37
108,37
109,37
110,37
142,37
143,37
144,37
145,37
146,37
147,37
164,37
165,37
166,37
167,37
168,37
169,37
170,37
171,37
172,37
173,37
174,37
175,37
176,37
177,37
178,37
179,37
180,37
181,37
182,37
183,37
184,37
185,37
186,37
187,37
85,38
86,38
87,38
88,38
89,38
90,38
91,38
92,38
93,38
94,38
95,38
96,38
97,38
98,38
99,38
100,38
101,38
102,38
103,38
104,38
105,38
142,38
143,38
144,38
145,38
146,38
147,38
154,38
155,38
156,38
157,38
158,38
164,38
165,38
166,38
167,38
168,38
169,38
170,38
171,38
172,38
173,38
174,38
175,38
176,38
177,38
178,38
179,38
180,38
181,38
182,38
183,38
184,38
185,38
186,38
187,38
81,39
82,39
83,39
84,39
85,39
86,39
87,39
88,39
89,39
90,39
91,39
92,39
93,39
94,39
95,39
96,39
97,39
98,39
99,39
100,39
101,39
102,39
103,39
104,39
105,39
142,39
143,39
144,39
145,39
146,39
147,39
153,39
154,39
155,39
156,39
157,39
158,39
159,39
164,39
165,39
166,39
167,39
168,39
169,39
170,39
171,39
172,39
173,39
174,39
175,39
176,39
177,39
178,39
179,39
180,39
181,39
182,39
183,39
184,39
185,39
186,39
187,39
79,40
80,40
81,40
82,40
83,40
84,40
85,40
86,40
87,40
88,40
89,40
90,40
91,40
92,40
93,40
94,40
95,40
96,40
97,40
98,40
99,40
100,40
101,40
102,40
103,40
104,40
105,40
152,40
153,40
154,40
155,40
156,40
157,40
158,40
159,40
160,40
161,40
162,40
163,40
164,40
168,40
169,40
170,40
171,40
172,40
173,40
174,40
74,41
75,41
76,41
77,41
78,41
79,41
80,41
81,41
82,41
83,41
84,41
85,41
86,41
87,41
88,41
89,41
90,41
91,41
92,41
93,41
94,41
95,41
96,41
97,41
98,41
99,41
100,41
101,41
102,41
103,41
104,41
105,41
150,41
151,41
152,41
153,41
154,41
155,41
156,41
157,41
158,41
159,41
160,41
161,41
162,41
163,41
164,41
168,41
169,41
170,41
171,41
172,41
173,41
174,41
205,41
206,41
207,41
208,41
209,41
71,42
72,42
73,42
74,42
75,42
76,42
77,42
78,42
79,42
80,42
81,42
82,42
83,42
84,42
85,42
86,42
87,42
88,42
89,42
90,42
91,42
92,42
93,42
94,42
95,42
96,42
97,42
98,42
99,42
100,42
101,42
102,42
103,42
104,42
105,42
149,42
150,42
151,42
152,42
153,42
154,42
155,42
156,42
157,42
158,42
159,42
160,42
161,42
162,42
163,42
164,42
165,42
168,42
169,42
170,42
171,42
172,42
173,42
174,42
204,42
205,42
206,42
207,42
208,42
209,42
210,42
211,42
68,43
69,43
70,43
71,43
72,43
73,43
74,43
75,43
76,43
77,43
78,43
79,43
80,43
81,43
82,43
83,43
84,43
85,43
86,43
87,43
88,43
89,43
90,43
91,43
92,43
93,43
94,43
95,43
96,43
97,43
98,43
99,43
100,43
101,43
102,43
103,43
104,43
149,43
150,43
151,43
152,43
153,43
154,43
155,43
156,43
157,43
158,43
159,43
160,43
161,43
162,43
163,43
164,43
165,43
168,43
169,43
170,43
171,43
172,43
173,43
174,43
202,43
203,43
204,43
205,43
206,43
207,43
208,43
209,43
210,43
211,43
67,44
68,44
69,44
70,44
71,44
72,44
73,44
74,44
75,44
76,44
77,44
78,44
79,44
80,44
81,44
82,44
83,44
84,44
85,44
86,44
87,44
88,44
89,44
90,44
91,44
92,44
93,44
94,44
95,44
96,44
97,44
98,44
99,44
100,44
101,44
102,44
149,44
150,44
151,44
152,44
153,44
154,44
155,44
156,44
157,44
158,44
159,44
160,44
161,44
162,44
163,44
164,44
165,44
199,44
200,44
201,44
202,44
203,44
204,44
205,44
206,44
207,44
208,44
209,44
210,44
211,44
212,44
213,44
214,44
215,44
216,44
217,44
67,45
68,45
69,45
70,45
71,45
72,45
73,45
74,45
75,45
76,45
77,45
78,45
79,45
80,45
81,45
82,45
83,45
84,45
85,45
86,45
87,45
88,45
89,45
90,45
91,45
92,45
93,45
94,45
95,45
96,45
97,45
98,45
99,45
100,45
101,45
102,45
156,45
157,45
158,45
159,45
160,45
161,45
197,45
198,45
199,45
200,45
201,45
202,45
203,45
204,45
205,45
206,45
207,45
208,45
209,45
210,45
211,45
212,45
213,45
214,45
215,45
216,45
217,45
218,45
67,46
68,46
69,46
70,46
71,46
72,46
73,46
74,46
75,46
76,46
77,46
78,46
79,46
80,46
81,46
82,46
83,46
84,46
85,46
86,46
87,46
88,46
89,46
90,46
91,46
92,46
93,46
94,46
95,46
96,46
97,46
98,46
99,46
100,46
101,46
102,46
156,46
157,46
158,46
159,46
160,46
161,46
198,46
199,46
200,46
201,46
202,46
203,46
204,46
205,46
206,46
207,46
208,46
209,46
210,46
211,46
212,46
213,46
214,46
215,46
216,46
217,46
218,46
63,47
64,47
65,47
66,47
67,47
68,47
69,47
70,47
71,47
72,47
73,47
74,47
75,47
76,47
77,47
78,47
79,47
80,47
81,47
82,47
83,47
84,47
85,47
86,47
87,47
88,47
89,47
90,47
91,47
92,47
93,47
94,47
95,47
96,47
97,47
98,47
99,47
100,47
101,47
102,47
156,47
157,47
158,47
159,47
160,47
161,47
198,47
199,47
200,47
201,47
202,47
203,47
204,47
205,47
206,47
207,47
208,47
209,47
210,47
211,47
212,47
213,47
214,47
215,47
216,47
217,47
218,47
62,48
63,48
64,48
65,48
66,48
67,48
68,48
69,48
70,48
71,48
72,48
73,48
74,48
75,48
76,48
77,48
83,48
84,48
85,48
86,48
87,48
88,48
89,48
90,48
91,48
92,48
93,48
94,48
95,48
96,48
97,48
98,48
99,48
100,48
101,48
156,48
157,48
158,48
159,48
160,48
161,48
197,48
198,48
213,48
214,48
215,48
216,48
217,48
218,48
62,49
63,49
64,49
65,49
66,49
67,49
68,49
69,49
70,49
71,49
72,49
73,49
74,49
75,49
76,49
84,49
85,49
86,49
87,49
88,49
89,49
90,49
91,49
92,49
93,49
94,49
95,49
96,49
97,49
98,49
190,49
191,49
192,49
193,49
194,49
195,49
196,49
197,49
198,49
213,49
214,49
215,49
216,49
217,49
218,49
62,50
63,50
64,50
65,50
66,50
67,50
68,50
69,50
70,50
71,50
72,50
73,50
74,50
86,50
87,50
88,50
89,50
90,50
91,50
92,50
93,50
94,50
95,50
96,50
189,50
190,50
191,50
192,50
193,50
194,50
195,50
196,50
197,50
198,50
213,50
214,50
215,50
216,50
217,50
218,50
61,51
62,51
63,51
64,51
65,51
66,51
67,51
68,51
69,51
70,51
71,51
72,51
73,51
86,51
87,51
88,51
89,51
90,51
91,51
92,51
93,51
94,51
95,51
96,51
189,51
190,51
191,51
192,51
193,51
194,51
195,51
196,51
197,51
198,51
213,51
214,51
215,51
216,51
217,51
218,51
60,52
61,52
62,52
63,52
64,52
65,52
66,52
67,52
68,52
86,52
87,52
88,52
89,52
90,52
91,52
92,52
93,52
94,52
95,52
96,52
189,52
190,52
191,52
192,52
193,52
194,52
195,52
196,52
197,52
198,52
60,53
61,53
62,53
63,53
64,53
65,53
66,53
67,53
68,53
86,53
87,53
88,53
89,53
90,53
91,53
92,53
93,53
94,53
95,53
96,53
193,53
194,53
195,53
196,53
197,53
198,53
60,54
61,54
62,54
63,54
64,54
65,54
66,54
67,54
68,54
86,54
87,54
88,54
89,54
90,54
91,54
92,54
93,54
94,54
95,54
96,54
193,54
194,54
195,54
196,54
197,54
198,54
57,55
58,55
59,55
60,55
61,55
62,55
63,55
64,55
65,55
66,55
67,55
68,55
84,55
85,55
86,55
87,55
88,55
89,55
90,55
91,55
92,55
93,55
94,55
95,55
96,55
193,55
194,55
195,55
196,55
197,55
198,55
56,56
57,56
58,56
59,56
60,56
61,56
62,56
63,56
64,56
65,56
66,56
67,56
81,56
82,56
83,56
84,56
85,56
86,56
87,56
88,56
89,56
90,56
91,56
92,56
93,56
94,56
95,56
193,56
194,56
195,56
196,56
197,56
198,56
80,57
81,57
82,57
83,57
84,57
85,57
86,57
87,57
88,57
89,57
90,57
91,57
80,58
81,58
82,58
83,58
84,58
85,58
86,58
87,58
88,58
89,58
90,58
91,58
55,59
56,59
57,59
58,59
59,59
60,59
61,59
62,59
63,59
64,59
78,59
79,59
80,59
81,59
82,59
83,59
84,59
85,59
86,59
87,59
88,59
89,59
90,59
55,60
56,60
57,60
58,60
59,60
60,60
61,60
62,60
63,60
64,60
55,61
56,61
57,61
58,61
59,61
60,61
61,61
62,61
63,61
64,61
54,62
55,62
56,62
57,62
58,62
59,62
60,62
61,62
62,62
63,62
77,62
78,62
79,62
80,62
81,62
82,62
83,62
84,62
85,62
86,62
87,62
88,62
53,63
54,63
55,63
56,63
57,63
58,63
59,63
76,63
77,63
78,63
79,63
80,63
81,63
82,63
83,63
84,63
85,63
86,63
87,63
88,63
53,64
54,64
55,64
56,64
57,64
58,64
59,64
75,64
76,64
77,64
78,64
79,64
80,64
81,64
82,64
83,64
84,64
85,64
86,64
87,64
53,65
54,65
55,65
56,65
57,65
58,65
59,65
60,65
61,65
62,65
75,65
76,65
77,65
78,65
79,65
80,65
81,65
82,65
83,65
50,66
51,66
52,66
53,66
54,66
55,66
56,66
57,66
58,66
59,66
60,66
61,66
62,66
74,66
75,66
76,66
77,66
78,66
79,66
80,66
81,66
82,66
50,67
51,67
52,67
53,67
54,67
55,67
56,67
57,67
58,67
59,67
60,67
61,67
62,67
73,67
74,67
75,67
76,67
77,67
78,67
79,67
80,67
81,67
42,68
43,68
44,68
50,68
51,68
52,68
53,68
54,68
55,68
56,68
57,68
58,68
59,68
60,68
61,68
62,68
63,68
64,68
68,68
69,68
70,68
71,68
73,68
74,68
75,68
76,68
77,68
78,68
79,68
80,68
81,68
40,69
41,69
42,69
43,69
44,69
50,69
51,69
52,69
53,69
54,69
55,69
56,69
57,69
58,69
59,69
60,69
61,69
62,69
63,69
64,69
66,69
67,69
68,69
69,69
70,69
71,69
72,69
73,69
74,69
75,69
76,69
77,69
78,69
79,69
80,69
81,69
39,70
40,70
41,70
42,70
43,70
44,70
50,70
51,70
52,70
53,70
54,70
55,70
56,70
57,70
58,70
59,70
60,70
61,70
62,70
63,70
64,70
65,70
66,70
67,70
68,70
69,70
70,70
71,70
72,70
73,70
74,70
75,70
76,70
77,70
78,70
79,70
80,70
81,70
30,71
31,71
32,71
33,71
34,71
35,71
36,71
37,71
38,71
39,71
40,71
41,71
42,71
43,71
44,71
50,71
51,71
52,71
53,71
54,71
55,71
56,71
57,71
58,71
59,71
60,71
61,71
62,71
63,71
64,71
65,71
66,71
67,71
68,71
69,71
70,71
71,71
72,71
73,71
74,71
75,71
76,71
77,71
78,71
79,71
80,71
29,72
30,72
31,72
32,72
33,72
34,72
35,72
36,72
37,72
38,72
39,72
40,72
41,72
42,72
43,72
44,72
50,72
51,72
52,72
53,72
54,72
55,72
56,72
57,72
58,72
59,72
60,72
61,72
62,72
63,72
64,72
65,72
66,72
67,72
68,72
69,72
70,72
71,72
72,72
73,72
74,72
75,72
76,72
77,72
78,72
29,73
30,73
31,73
32,73
33,73
34,73
35,73
36,73
37,73
38,73
39,73
40,73
41,73
42,73
43,73
44,73
50,73
51,73
52,73
53,73
54,73
55,73
56,73
57,73
58,73
59,73
60,73
61,73
62,73
63,73
64,73
65,73
66,73
67,73
68,73
69,73
70,73
71,73
72,73
73,73
74,73
75,73
76,73
77,73
78,73
218,73
219,73
29,74
30,74
31,74
32,74
33,74
34,74
35,74
36,74
37,74
38,74
39,74
40,74
41,74
42,74
43,74
44,74
50,74
51,74
52,74
53,74
54,74
55,74
56,74
57,74
58,74
59,74
60,74
61,74
62,74
63,74
64,74
65,74
66,74
67,74
68,74
69,74
70,74
71,74
72,74
73,74
74,74
75,74
76,74
77,74
78,74
218,74
15,75
16,75
17,75
18,75
19,75
20,75
21,75
22,75
23,75
24,75
27,75
28,75
29,75
30,75
31,75
32,75
33,75
34,75
35,75
36,75
37,75
38,75
39,75
40,75
41,75
42,75
43,75
44,75
50,75
51,75
52,75
53,75
54,75
55,75
56,75
57,75
58,75
59,75
60,75
61,75
62,75
63,75
64,75
65,75
66,75
67,75
68,75
69,75
70,75
71,75
72,75
73,75
74,75
75,75
76,75
77,75
78,75
218,75
11,76
12,76
13,76
14,76
15,76
16,76
17,76
18,76
19,76
20,76
21,76
22,76
23,76
24,76
27,76
28,76
29,76
30,76
31,76
32,76
33,76
34,76
35,76
36,76
37,76
38,76
39,76
40,76
41,76
42,76
43,76
44,76
50,76
51,76
52,76
53,76
64,76
65,76
66,76
67,76
68,76
69,76
70,76
71,76
72,76
73,76
74,76
75,76
76,76
77,76
209,76
210,76
211,76
212,76
213,76
214,76
215,76
218,76
8,77
11,77
12,77
13,77
14,77
15,77
16,77
17,77
18,77
19,77
20,77
21,77
22,77
23,77
24,77
27,77
28,77
29,77
30,77
31,77
32,77
33,77
34,77
35,77
36,77
37,77
38,77
39,77
40,77
41,77
42,77
43,77
44,77
50,77
51,77
52,77
64,77
65,77
66,77
67,77
68,77
69,77
70,77
71,77
72,77
209,77
215,77
218,77
4,78
5,78
6,78
7,78
8,78
11,78
12,78
13,78
14,78
15,78
16,78
17,78
18,78
19,78
20,78
21,78
22,78
23,78
24,78
27,78
28,78
29,78
30,78
31,78
32,78
33,78
34,78
35,78
36,78
37,78
38,78
39,78
40,78
41,78
42,78
43,78
44,78
65,78
66,78
67,78
68,78
69,78
70,78
71,78
209,78
215,78
216,78
217,78
218,78
1,79
2,79
3,79
4,79
5,79
6,79
7,79
8,79
11,79
12,79
13,79
14,79
15,79
16,79
17,79
18,79
19,79
20,79
21,79
22,79
23,79
24,79
27,79
28,79
29,79
30,79
31,79
32,79
33,79
34,79
35,79
36,79
37,79
38,79
39,79
40,79
41,79
42,79
43,79
193,79
194,79
195,79
196,79
197,79
198,79
199,79
200,79
201,79
202,79
203,79
204,79
205,79
206,79
207,79
208,79
209,79
0,80
1,80
2,80
3,80
4,80
5,80
6,80
7,80
8,80
11,80
12,80
13,80
14,80
15,80
16,80
17,80
18,80
19,80
20,80
21,80
22,80
23,80
24,80
27,80
28,80
29,80
30,80
31,80
32,80
33,80
34,80
35,80
36,80
37,80
38,80
39,80
193,80
0,81
1,81
2,81
3,81
4,81
5,81
6,81
7,81
8,81
11,81
12,81
13,81
14,81
15,81
16,81
17,81
18,81
19,81
20,81
21,81
22,81
23,81
24,81
27,81
28,81
29,81
30,81
31,81
32,81
33,81
34,81
35,81
36,81
37,81
38,81
190,81
193,81
0,82
1,82
2,82
3,82
4,82
5,82
6,82
7,82
8,82
11,82
12,82
13,82
14,82
15,82
16,82
17,82
18,82
19,82
20,82
21,82
22,82
23,82
24,82
27,82
28,82
190,82
193,82
0,83
1,83
2,83
3,83
4,83
5,83
6,83
7,83
8,83
11,83
12,83
13,83
14,83
15,83
16,83
17,83
18,83
19,83
20,83
21,83
22,83
23,83
24,83
27,83
189,83
190,83
196,83
197,83
198,83
199,83
200,83
201,83
202,83
203,83
204,83
205,83
206,83
207,83
208,83
209,83
210,83
211,83
212,83
214,83
215,83
216,83
0,84
1,84
2,84
3,84
4,84
5,84
6,84
7,84
8,84
11,84
12,84
13,84
14,84
15,84
189,84
196,84
205,84
206,84
207,84
208,84
209,84
210,84
211,84
212,84
214,84
215,84
216,84
0,85
1,85
2,85
3,85
4,85
5,85
6,85
7,85
8,85
11,85
12,85
13,85
14,85
189,85
190,85
191,85
193,85
196,85
205,85
206,85
207,85
208,85
209,85
210,85
211,85
216,85
0,86
1,86
2,86
3,86
4,86
5,86
6,86
189,86
190,86
191,86
193,86
196,86
211,86
216,86
217,86
218,86
0,87
1,87
2,87
3,87
4,87
5,87
6,87
189,87
190,87
191,87
193,87
211,87
216,87
217,87
218,87
219,87
0,88
1,88
2,88
3,88
4,88
5,88
189,88
193,88
211,88
218,88
219,88
0,89
1,89
189,89
190,89
191,89
192,89
193,89
196,89
211,89
218,89
219,89
0,90
187,90
188,90
189,90
190,90
191,90
192,90
193,90
196,90
205,90
206,90
207,90
208,90
209,90
210,90
219,90
187,91
196,91
205,91
187,92
196,92
205,92
187,93
196,93
205,93
206,93
187,94
188,94
189,94
190,94
196,94
205,94
206,94
187,95
188,95
189,95
190,95
196,95
197,95
198,95
199,95
205,95
206,95
187,96
188,96
189,96
190,96
196,96
197,96
198,96
199,96
200,96
201,96
202,96
203,96
204,96
205,96
206,96
187,97
198,97
199,97
200,97
206,97
187,98
188,98
189,98
190,98
198,98
199,98
200,98
201,98
202,98
203,98
206,98
207,98
208,98
209,98
182,99
183,99
184,99
185,99
186,99
187,99
188,99
189,99
190,99
192,99
193,99
194,99
195,99
196,99
197,99
198,99
199,99
200,99
201,99
202,99
203,99
209,99
182,100
192,100
199,100
207,100
208,100
209,100
210,100
211,100
212,100
213,100
214,100
215,100
216,100
217,100
218,100
219,100
182,101
183,101
184,101
185,101
192,101
197,101
198,101
199,101
207,101
182,102
183,102
184,102
185,102
192,102
197,102
207,102
185,103
186,103
189,103
192,103
197,103
198,103
199,103
205,103
206,103
207,103
185,104
186,104
187,104
189,104
192,104
197,104
198,104
199,104
205,104
210,104
211,104
212,104
213,104
214,104
215,104
216,104
217,104
185,105
186,105
187,105
189,105
198,105
199,105
200,105
205,105
210,105
211,105
212,105
215,105
216,105
217,105
185,106
189,106
196,106
197,106
198,106
199,106
200,106
205,106
183,107
184,107
185,107
189,107
192,107
196,107
205,107
183,108
189,108
192,108
196,108
205,108
206,108
207,108
208,108
183,109
184,109
185,109
192,109
196,109
205,109
206,109
207,109
208,109
183,110
184,110
185,110
192,110
196,110
197,110
198,110
199,110
208,110
19,111
22,111
184,111
185,111
186,111
192,111
196,111
197,111
198,111
199,111
208,111
16,112
17,112
18,112
19,112
22,112
23,112
24,112
25,112
182,112
183,112
184,112
185,112
186,112
192,112
199,112
208,112
16,113
25,113
179,113
180,113
181,113
182,113
192,113
193,113
194,113
195,113
199,113
208,113
16,114
25,114
179,114
192,114
193,114
194,114
195,114
199,114
200,114
201,114
202,114
208,114
209,114
210,114
211,114
216,114
217,114
218,114
219,114
16,115
25,115
179,115
180,115
181,115
195,115
199,115
200,115
201,115
202,115
208,115
209,115
210,115
211,115
216,115
217,115
218,115
219,115
2,116
3,116
4,116
5,116
6,116
7,116
8,116
9,116
10,116
11,116
12,116
16,116
25,116
179,116
180,116
181,116
193,116
194,116
195,116
202,116
211,116
216,116
2,117
12,117
16,117
25,117
26,117
27,117
180,117
181,117
182,117
193,117
202,117
2,118
3,118
4,118
11,118
12,118
13,118
14,118
15,118
16,118
17,118
18,118
19,118
20,118
21,118
22,118
27,118
178,118
179,118
180,118
181,118
182,118
193,118
194,118
195,118
202,118
203,118
204,118
205,118
2,119
3,119
4,119
11,119
22,119
27,119
178,119
193,119
194,119
195,119
202,119
203,119
204,119
205,119
208,119
209,119
217,119
218,119
0,120
1,120
2,120
3,120
4,120
11,120
22,120
27,120
28,120
178,120
194,120
195,120
196,120
204,120
205,120
206,120
207,120
208,120
209,120
210,120
211,120
215,120
216,120
217,120
218,120
219,120
8,121
11,121
22,121
28,121
178,121
192,121
193,121
194,121
195,121
196,121
202,121
203,121
205,121
206,121
211,121
215,121
5,122
6,122
7,122
8,122
12,122
13,122
14,122
15,122
16,122
17,122
18,122
19,122
20,122
21,122
22,122
28,122
29,122
30,122
178,122
181,122
192,122
202,122
203,122
211,122
215,122
5,123
12,123
21,123
22,123
30,123
178,123
181,123
192,123
202,123
203,123
5,124
6,124
7,124
9,124
12,124
21,124
22,124
23,124
30,124
31,124
178,124
181,124
192,124
202,124
203,124
204,124
205,124
206,124
207,124
208,124
209,124
210,124
211,124
215,124
216,124
217,124
218,124
219,124
5,125
6,125
7,125
9,125
12,125
23,125
31,125
178,125
181,125
182,125
183,125
184,125
185,125
186,125
187,125
188,125
189,125
190,125
192,125
193,125
194,125
195,125
196,125
197,125
198,125
202,125
203,125
204,125
205,125
206,125
207,125
208,125
209,125
210,125
211,125
215,125
216,125
217,125
218,125
219,125
5,126
6,126
7,126
9,126
19,126
20,126
23,126
24,126
25,126
31,126
32,126
33,126
178,126
181,126
182,126
183,126
186,126
187,126
188,126
189,126
190,126
192,126
193,126
194,126
195,126
196,126
197,126
198,126
202,126
211,126
215,126
5,127
9,127
19,127
25,127
33,127
178,127
186,127
187,127
188,127
189,127
190,127
193,127
194,127
195,127
196,127
197,127
198,127
202,127
5,128
6,128
7,128
8,128
9,128
12,128
19,128
25,128
26,128
33,128
176,128
177,128
178,128
186,128
193,128
202,128
5,129
6,129
7,129
8,129
9,129
12,129
19,129
20,129
21,129
22,129
25,129
26,129
33,129
34,129
35,129
176,129
186,129
193,129
202,129
8,130
12,130
19,130
20,130
21,130
22,130
25,130
26,130
35,130
176,130
177,130
178,130
184,130
185,130
186,130
193,130
202,130
205,130
206,130
207,130
208,130
209,130
210,130
0,131
1,131
2,131
3,131
4,131
5,131
6,131
7,131
8,131
12,131
21,131
22,131
23,131
24,131
25,131
26,131
35,131
36,131
37,131
176,131
177,131
178,131
184,131
193,131
196,131
202,131
205,131
206,131
209,131
210,131
7,132
8,132
12,132
13,132
14,132
15,132
16,132
17,132
18,132
22,132
23,132
24,132
25,132
26,132
37,132
40,132
177,132
178,132
179,132
184,132
193,132
196,132
202,132
205,132
206,132
209,132
210,132
7,133
8,133
9,133
12,133
13,133
14,133
15,133
16,133
17,133
18,133
26,133
27,133
28,133
29,133
37,133
40,133
176,133
177,133
178,133
179,133
184,133
196,133
202,133
9,134
18,134
19,134
20,134
24,134
25,134
26,134
29,134
32,134
40,134
176,134
184,134
196,134
197,134
198,134
199,134
200,134
201,134
202,134
9,135
10,135
11,135
18,135
19,135
20,135
24,135
25,135
26,135
29,135
32,135
40,135
176,135
184,135
185,135
186,135
187,135
196,135
197,135
198,135
199,135
200,135
201,135
202,135
213,135
214,135
215,135
216,135
217,135
218,135
11,136
20,136
24,136
32,136
33,136
37,136
40,136
176,136
177,136
178,136
184,136
185,136
186,136
187,136
202,136
203,136
213,136
214,136
217,136
218,136
11,137
33,137
37,137
40,137
176,137
177,137
178,137
179,137
180,137
181,137
182,137
183,137
184,137
187,137
188,137
189,137
190,137
191,137
198,137
199,137
202,137
203,137
213,137
214,137
217,137
218,137
11,138
27,138
28,138
29,138
30,138
31,138
32,138
33,138
37,138
40,138
176,138
184,138
187,138
188,138
189,138
190,138
191,138
11,139
27,139
28,139
29,139
30,139
31,139
32,139
33,139
36,139
37,139
176,139
184,139
185,139
186,139
187,139
188,139
191,139
11,140
27,140
34,140
35,140
36,140
37,140
167,140
168,140
169,140
170,140
171,140
176,140
188,140
191,140
11,141
16,141
27,141
34,141
35,141
36,141
167,141
171,141
176,141
180,141
181,141
182,141
183,141
184,141
185,141
186,141
187,141
188,141
189,141
190,141
191,141
192,141
193,141
194,141
195,141
11,142
16,142
17,142
26,142
27,142
34,142
167,142
180,142
184,142
185,142
186,142
187,142
188,142
189,142
190,142
191,142
195,142
199,142
200,142
201,142
202,142
203,142
204,142
17,143
24,143
25,143
26,143
27,143
34,143
153,143
154,143
155,143
156,143
157,143
158,143
159,143
160,143
161,143
162,143
163,143
164,143
165,143
166,143
167,143
180,143
181,143
182,143
183,143
184,143
191,143
192,143
195,143
196,143
197,143
199,143
200,143
203,143
204,143
17,144
24,144
25,144
26,144
33,144
34,144
153,144
164,144
165,144
178,144
179,144
180,144
181,144
182,144
183,144
184,144
185,144
186,144
192,144
193,144
194,144
197,144
199,144
200,144
203,144
204,144
211,144
212,144
213,144
214,144
215,144
216,144
17,145
24,145
31,145
32,145
33,145
34,145
35,145
36,145
41,145
42,145
43,145
44,145
45,145
46,145
47,145
48,145
53,145
54,145
55,145
56,145
57,145
58,145
59,145
60,145
61,145
62,145
150,145
153,145
164,145
165,145
178,145
184,145
185,145
186,145
194,145
197,145
211,145
212,145
215,145
216,145
17,146
18,146
19,146
20,146
24,146
31,146
36,146
41,146
48,146
53,146
62,146
150,146
153,146
164,146
165,146
178,146
185,146
186,146
187,146
188,146
190,146
191,146
192,146
193,146
194,146
197,146
211,146
212,146
215,146
216,146
20,147
24,147
27,147
28,147
29,147
30,147
31,147
62,147
63,147
64,147
147,147
148,147
149,147
150,147
154,147
155,147
156,147
157,147
158,147
159,147
160,147
161,147
162,147
163,147
164,147
165,147
166,147
167,147
168,147
169,147
170,147
171,147
172,147
173,147
174,147
178,147
186,147
187,147
188,147
190,147
191,147
192,147
193,147
194,147
197,147
198,147
199,147
20,148
24,148
27,148
64,148
147,148
154,148
163,148
164,148
165,148
166,148
167,148
168,148
169,148
170,148
171,148
172,148
173,148
174,148
178,148
179,148
180,148
181,148
199,148
20,149
24,149
27,149
28,149
29,149
64,149
147,149
148,149
149,149
151,149
154,149
163,149
164,149
165,149
166,149
167,149
168,149
169,149
173,149
174,149
178,149
179,149
180,149
181,149
199,149
20,150
21,150
22,150
23,150
24,150
25,150
26,150
27,150
28,150
29,150
41,150
42,150
43,150
44,150
45,150
46,150
47,150
48,150
49,150
50,150
51,150
64,150
147,150
148,150
149,150
151,150
154,150
169,150
174,150
175,150
176,150
180,150
181,150
182,150
183,150
184,150
185,150
186,150
187,150
188,150
190,150
191,150
192,150
193,150
194,150
199,150
26,151
27,151
28,151
29,151
30,151
41,151
51,151
64,151
65,151
66,151
147,151
148,151
149,151
151,151
169,151
174,151
175,151
176,151
181,151
182,151
185,151
186,151
187,151
188,151
190,151
191,151
192,151
193,151
194,151
199,151
200,151
201,151
202,151
203,151
204,151
205,151
206,151
211,151
212,151
213,151
214,151
215,151
216,151
217,151
218,151
219,151
0,152
1,152
2,152
3,152
4,152
5,152
6,152
7,152
14,152
15,152
16,152
17,152
18,152
19,152
20,152
21,152
26,152
27,152
28,152
29,152
30,152
41,152
42,152
43,152
50,152
51,152
52,152
53,152
54,152
55,152
56,152
57,152
58,152
59,152
60,152
61,152
66,152
147,152
151,152
169,152
170,152
171,152
172,152
173,152
174,152
176,152
177,152
178,152
179,152
188,152
190,152
194,152
206,152
211,152
0,153
1,153
2,153
5,153
6,153
7,153
14,153
15,153
16,153
17,153
18,153
19,153
20,153
21,153
22,153
26,153
41,153
42,153
43,153
50,153
61,153
66,153
147,153
148,153
149,153
150,153
151,153
154,153
174,153
176,153
177,153
178,153
179,153
192,153
193,153
194,153
0,154
6,154
7,154
8,154
9,154
10,154
11,154
12,154
13,154
14,154
20,154
21,154
22,154
26,154
27,154
28,154
33,154
34,154
35,154
36,154
37,154
38,154
39,154
40,154
41,154
42,154
43,154
50,154
61,154
66,154
67,154
145,154
146,154
147,154
148,154
149,154
150,154
151,154
154,154
172,154
173,154
174,154
175,154
176,154
177,154
178,154
179,154
180,154
181,154
182,154
183,154
184,154
185,154
186,154
187,154
188,154
189,154
190,154
191,154
192,154
0,155
7,155
8,155
9,155
10,155
11,155
12,155
13,155
14,155
21,155
22,155
26,155
27,155
28,155
30,155
33,155
47,155
50,155
61,155
67,155
145,155
154,155
166,155
167,155
172,155
178,155
179,155
180,155
181,155
182,155
183,155
184,155
185,155
186,155
187,155
188,155
189,155
190,155
191,155
192,155
193,155
194,155
10,156
11,156
12,156
13,156
14,156
15,156
16,156
17,156
22,156
23,156
24,156
25,156
26,156
27,156
28,156
30,156
44,156
45,156
46,156
47,156
51,156
52,156
53,156
54,156
55,156
56,156
57,156
58,156
59,156
60,156
61,156
67,156
68,156
69,156
145,156
154,156
166,156
178,156
192,156
193,156
194,156
10,157
11,157
12,157
13,157
14,157
15,157
16,157
17,157
22,157
23,157
24,157
25,157
26,157
30,157
44,157
51,157
60,157
61,157
69,157
145,157
154,157
166,157
167,157
168,157
169,157
178,157
193,157
194,157
195,157
10,158
16,158
17,158
18,158
26,158
27,158
28,158
29,158
30,158
33,158
44,158
45,158
46,158
48,158
51,158
60,158
61,158
62,158
69,158
70,158
145,158
146,158
147,158
148,158
154,158
166,158
167,158
168,158
169,158
178,158
179,158
180,158
181,158
182,158
183,158
184,158
185,158
186,158
187,158
188,158
189,158
190,158
191,158
192,158
193,158
194,158
195,158
208,158
209,158
210,158
211,158
212,158
213,158
214,158
215,158
216,158
217,158
218,158
219,158
10,159
11,159
12,159
13,159
14,159
15,159
16,159
17,159
18,159
24,159
25,159
26,159
27,159
28,159
29,159
30,159
33,159
44,159
45,159
46,159
48,159
51,159
62,159
70,159
145,159
146,159
147,159
148,159
154,159
155,159
156,159
157,159
168,159
169,159
184,159
185,159
208,159
219,159
0,160
1,160
2,160
3,160
4,160
7,160
8,160
9,160
10,160
11,160
21,160
24,160
33,160
44,160
45,160
46,160
48,160
58,160
59,160
62,160
63,160
64,160
70,160
71,160
72,160
145,160
146,160
147,160
148,160
154,160
155,160
156,160
157,160
158,160
159,160
160,160
161,160
162,160
163,160
164,160
165,160
166,160
167,160
168,160
169,160
170,160
183,160
184,160
185,160
205,160
208,160
219,160
0,161
1,161
2,161
3,161
4,161
7,161
8,161
9,161
10,161
11,161
20,161
21,161
33,161
44,161
48,161
58,161
64,161
72,161
145,161
156,161
157,161
158,161
167,161
168,161
169,161
170,161
183,161
184,161
205,161
208,161
219,161
0,162
1,162
2,162
3,162
4,162
7,162
8,162
9,162
10,162
11,162
20,162
33,162
44,162
45,162
46,162
47,162
48,162
51,162
58,162
64,162
65,162
72,162
145,162
146,162
147,162
148,162
156,162
157,162
158,162
159,162
160,162
161,162
167,162
168,162
169,162
170,162
171,162
172,162
177,162
178,162
179,162
180,162
181,162
182,162
183,162
184,162
185,162
186,162
202,162
203,162
204,162
205,162
209,162
210,162
211,162
212,162
213,162
214,162
215,162
216,162
217,162
218,162
219,162
8,163
9,163
20,163
21,163
22,163
23,163
24,163
25,163
26,163
27,163
28,163
29,163
30,163
31,163
33,163
44,163
45,163
46,163
47,163
48,163
51,163
58,163
59,163
60,163
61,163
64,163
65,163
72,163
73,163
74,163
140,163
141,163
142,163
143,163
144,163
145,163
146,163
147,163
148,163
150,163
151,163
152,163
153,163
154,163
155,163
156,163
157,163
158,163
159,163
160,163
161,163
167,163
172,163
177,163
186,163
189,163
202,163
209,163
218,163
219,163
8,164
9,164
20,164
21,164
24,164
25,164
26,164
27,164
33,164
34,164
35,164
36,164
47,164
51,164
58,164
59,164
60,164
61,164
64,164
65,164
74,164
140,164
150,164
157,164
165,164
166,164
167,164
190,164
191,164
202,164
203,164
204,164
206,164
209,164
218,164
219,164
24,165
25,165
26,165
27,165
33,165
34,165
35,165
36,165
37,165
38,165
39,165
40,165
41,165
42,165
43,165
44,165
45,165
46,165
47,165
51,165
60,165
61,165
62,165
63,165
64,165
65,165
74,165
75,165
76,165
140,165
141,165
142,165
143,165
150,165
155,165
156,165
157,165
165,165
191,165
202,165
203,165
204,165
206,165
209,165
14,166
15,166
16,166
17,166
18,166
19,166
20,166
21,166
22,166
24,166
35,166
36,166
37,166
46,166
47,166
51,166
52,166
53,166
54,166
55,166
56,166
57,166
61,166
62,166
63,166
64,166
65,166
76,166
79,166
140,166
141,166
142,166
143,166
150,166
155,166
165,166
176,166
177,166
178,166
179,166
180,166
181,166
186,166
187,166
188,166
189,166
190,166
191,166
192,166
193,166
194,166
195,166
202,166
203,166
204,166
206,166
14,167
22,167
24,167
25,167
26,167
27,167
35,167
36,167
37,167
38,167
39,167
40,167
46,167
47,167
48,167
51,167
52,167
53,167
56,167
57,167
65,167
66,167
67,167
68,167
76,167
79,167
143,167
144,167
147,167
150,167
155,167
156,167
157,167
163,167
164,167
165,167
176,167
181,167
186,167
195,167
198,167
202,167
206,167
14,168
22,168
23,168
24,168
25,168
26,168
27,168
29,168
30,168
31,168
32,168
33,168
34,168
35,168
36,168
37,168
38,168
39,168
40,168
48,168
57,168
58,168
59,168
63,168
64,168
65,168
68,168
79,168
143,168
144,168
145,168
147,168
150,168
155,168
156,168
157,168
163,168
172,168
173,168
174,168
175,168
176,168
199,168
200,168
201,168
202,168
203,168
204,168
205,168
206,168
209,168
5,169
6,169
7,169
8,169
9,169
10,169
11,169
14,169
26,169
27,169
29,169
36,169
48,169
49,169
50,169
57,169
58,169
59,169
63,169
64,169
65,169
68,169
69,169
70,169
79,169
143,169
144,169
145,169
147,169
156,169
157,169
158,169
163,169
172,169
200,169
201,169
202,169
203,169
204,169
205,169
206,169
209,169
5,170
11,170
14,170
18,170
19,170
20,170
21,170
22,170
23,170
24,170
25,170
26,170
27,170
28,170
29,170
30,170
31,170
32,170
33,170
36,170
50,170
59,170
63,170
70,170
76,170
79,170
143,170
147,170
154,170
155,170
156,170
157,170
158,170
163,170
172,170
173,170
174,170
200,170
209,170
5,171
11,171
12,171
13,171
14,171
18,171
33,171
36,171
50,171
70,171
76,171
79,171
141,171
142,171
143,171
147,171
150,171
154,171
163,171
172,171
173,171
174,171
200,171
209,171
0,172
1,172
2,172
3,172
4,172
5,172
18,172
19,172
20,172
21,172
23,172
24,172
25,172
26,172
27,172
28,172
29,172
30,172
33,172
34,172
35,172
36,172
50,172
66,172
67,172
68,172
69,172
70,172
76,172
79,172
141,172
147,172
150,172
154,172
163,172
164,172
165,172
166,172
173,172
174,172
175,172
200,172
209,172
2,173
3,173
16,173
17,173
18,173
19,173
20,173
21,173
23,173
24,173
25,173
28,173
29,173
30,173
35,173
36,173
50,173
66,173
67,173
68,173
69,173
70,173
75,173
76,173
141,173
142,173
143,173
150,173
154,173
163,173
164,173
165,173
166,173
168,173
169,173
170,173
171,173
172,173
173,173
174,173
175,173
200,173
201,173
202,173
203,173
209,173
2,174
3,174
16,174
35,174
36,174
50,174
66,174
73,174
74,174
75,174
76,174
141,174
142,174
143,174
150,174
154,174
157,174
166,174
168,174
169,174
170,174
171,174
200,174
201,174
202,174
203,174
209,174
210,174
211,174
212,174
2,175
3,175
16,175
35,175
36,175
50,175
55,175
66,175
73,175
74,175
75,175
142,175
143,175
144,175
150,175
154,175
157,175
166,175
167,175
168,175
170,175
171,175
200,175
201,175
202,175
203,175
209,175
210,175
211,175
212,175
0,176
1,176
2,176
3,176
6,176
7,176
8,176
9,176
10,176
11,176
12,176
16,176
35,176
36,176
37,176
50,176
55,176
56,176
65,176
66,176
73,176
140,176
141,176
142,176
143,176
144,176
150,176
157,176
166,176
167,176
168,176
171,176
184,176
185,176
186,176
187,176
188,176
189,176
190,176
191,176
198,176
199,176
200,176
212,176
1,177
2,177
3,177
6,177
7,177
8,177
9,177
10,177
11,177
12,177
16,177
17,177
18,177
19,177
37,177
56,177
63,177
64,177
65,177
73,177
140,177
150,177
151,177
152,177
153,177
154,177
157,177
158,177
159,177
160,177
161,177
162,177
163,177
164,177
165,177
166,177
167,177
168,177
169,177
170,177
171,177
174,177
184,177
185,177
186,177
189,177
190,177
191,177
198,177
199,177
200,177
201,177
202,177
203,177
204,177
205,177
212,177
213,177
214,177
215,177
216,177
1,178
2,178
3,178
6,178
7,178
11,178
12,178
16,178
17,178
18,178
19,178
37,178
56,178
63,178
64,178
65,178
72,178
73,178
140,178
150,178
151,178
152,178
153,178
154,178
157,178
158,178
161,178
162,178
163,178
164,178
165,178
166,178
167,178
168,178
169,178
170,178
171,178
174,178
179,178
180,178
181,178
182,178
183,178
184,178
190,178
191,178
192,178
193,178
194,178
195,178
196,178
197,178
198,178
200,178
201,178
202,178
203,178
204,178
205,178
212,178
213,178
214,178
215,178
216,178
7,179
12,179
13,179
14,179
18,179
19,179
20,179
21,179
22,179
23,179
30,179
31,179
32,179
33,179
34,179
35,179
36,179
37,179
56,179
63,179
70,179
71,179
72,179
73,179
140,179
154,179
174,179
179,179
180,179
183,179
184,179
191,179
192,179
193,179
194,179
195,179
196,179
197,179
198,179
203,179
204,179
205,179
206,179
210,179
216,179
217,179
218,179
219,179
7,180
12,180
13,180
14,180
19,180
20,180
21,180
22,180
23,180
30,180
31,180
32,180
33,180
34,180
35,180
36,180
37,180
38,180
39,180
40,180
41,180
42,180
43,180
44,180
49,180
50,180
51,180
52,180
53,180
54,180
55,180
56,180
57,180
58,180
63,180
70,180
71,180
72,180
140,180
141,180
142,180
143,180
144,180
145,180
146,180
147,180
148,180
149,180
154,180
155,180
156,180
157,180
158,180
159,180
160,180
161,180
162,180
163,180
164,180
165,180
166,180
167,180
168,180
169,180
170,180
171,180
174,180
175,180
176,180
177,180
178,180
179,180
194,180
195,180
196,180
197,180
198,180
199,180
200,180
201,180
202,180
203,180
204,180
205,180
211,180
212,180
216,180
217,180
218,180
219,180
7,181
8,181
9,181
10,181
11,181
12,181
14,181
15,181
16,181
17,181
23,181
30,181
31,181
32,181
33,181
34,181
35,181
36,181
37,181
38,181
44,181
49,181
58,181
62,181
63,181
70,181
140,181
141,181
142,181
143,181
144,181
145,181
146,181
147,181
148,181
149,181
154,181
155,181
156,181
157,181
158,181
159,181
160,181
161,181
162,181
163,181
164,181
165,181
166,181
169,181
170,181
171,181
174,181
175,181
176,181
177,181
178,181
179,181
194,181
195,181
196,181
197,181
198,181
199,181
200,181
201,181
202,181
203,181
204,181
212,181
12,182
14,182
15,182
16,182
17,182
31,182
32,182
58,182
59,182
60,182
61,182
62,182
70,182
149,182
171,182
194,182
204,182
212,182
213,182
214,182
215,182
216,182
217,182
218,182
219,182
10,183
11,183
12,183
13,183
14,183
15,183
16,183
17,183
18,183
19,183
20,183
21,183
22,183
23,183
24,183
25,183
26,183
27,183
28,183
29,183
30,183
31,183
60,183
61,183
62,183
70,183
149,183
171,183
172,183
173,183
174,183
194,183
195,183
196,183
197,183
198,183
199,183
200,183
201,183
204,183
4,184
5,184
10,184
16,184
17,184
18,184
19,184
20,184
21,184
22,184
23,184
24,184
25,184
26,184
27,184
28,184
29,184
30,184
31,184
32,184
60,184
66,184
67,184
68,184
69,184
70,184
135,184
136,184
137,184
138,184
149,184
150,184
151,184
152,184
153,184
154,184
155,184
156,184
157,184
158,184
159,184
160,184
161,184
162,184
163,184
171,184
172,184
173,184
174,184
176,184
177,184
178,184
179,184
180,184
181,184
182,184
183,184
184,184
185,184
186,184
187,184
188,184
189,184
190,184
191,184
192,184
193,184
194,184
195,184
201,184
204,184
208,184
209,184
210,184
211,184
212,184
213,184
214,184
215,184
216,184
217,184
218,184
219,184
4,185
16,185
30,185
31,185
32,185
60,185
66,185
67,185
68,185
69,185
70,185
134,185
135,185
138,185
139,185
149,185
150,185
151,185
152,185
155,185
156,185
157,185
158,185
159,185
160,185
161,185
162,185
163,185
174,185
176,185
177,185
178,185
179,185
180,185
181,185
182,185
183,185
184,185
185,185
186,185
187,185
188,185
189,185
190,185
191,185
192,185
193,185
194,185
195,185
201,185
202,185
203,185
204,185
208,185
212,185
213,185
214,185
215,185
216,185
217,185
218,185
219,185
4,186
5,186
6,186
7,186
16,186
31,186
32,186
33,186
60,186
61,186
62,186
66,186
134,186
135,186
138,186
139,186
163,186
164,186
174,186
175,186
176,186
180,186
181,186
182,186
183,186
184,186
185,186
186,186
187,186
188,186
189,186
190,186
191,186
192,186
193,186
194,186
195,186
208,186
209,186
210,186
211,186
212,186
219,186
4,187
5,187
6,187
7,187
16,187
17,187
18,187
19,187
20,187
21,187
22,187
23,187
24,187
25,187
26,187
27,187
28,187
29,187
30,187
31,187
32,187
33,187
44,187
45,187
46,187
47,187
48,187
49,187
50,187
51,187
52,187
53,187
54,187
55,187
56,187
57,187
62,187
63,187
64,187
65,187
66,187
163,187
164,187
165,187
174,187
175,187
176,187
180,187
192,187
193,187
206,187
207,187
208,187
209,187
210,187
211,187
212,187
213,187
214,187
219,187
6,188
7,188
22,188
23,188
44,188
57,188
62,188
63,188
64,188
65,188
66,188
163,188
164,188
165,188
178,188
180,188
192,188
193,188
206,188
212,188
213,188
214,188
219,188
4,189
5,189
6,189
7,189
8,189
21,189
22,189
23,189
41,189
44,189
57,189
62,189
63,189
163,189
178,189
180,189
192,189
193,189
206,189
214,189
215,189
216,189
217,189
218,189
219,189
5,190
6,190
7,190
8,190
21,190
22,190
41,190
44,190
57,190
63,190
161,190
162,190
163,190
175,190
176,190
177,190
178,190
182,190
183,190
184,190
185,190
186,190
187,190
188,190
189,190
190,190
191,190
192,190
193,190
194,190
195,190
196,190
197,190
199,190
200,190
201,190
202,190
206,190
214,190
215,190
218,190
219,190
5,191
6,191
7,191
8,191
9,191
10,191
15,191
16,191
17,191
18,191
19,191
20,191
21,191
22,191
23,191
24,191
40,191
41,191
47,191
48,191
49,191
50,191
51,191
52,191
53,191
54,191
55,191
56,191
57,191
63,191
64,191
65,191
161,191
174,191
175,191
182,191
191,191
192,191
193,191
194,191
195,191
196,191
201,191
202,191
206,191
207,191
208,191
209,191
219,191
5,192
10,192
15,192
24,192
27,192
40,192
47,192
56,192
57,192
65,192
161,192
162,192
163,192
165,192
166,192
167,192
168,192
169,192
170,192
171,192
172,192
173,192
174,192
175,192
176,192
177,192
179,192
182,192
191,192
192,192
193,192
194,192
195,192
196,192
197,192
202,192
206,192
207,192
208,192
209,192
219,192
3,193
4,193
5,193
10,193
11,193
12,193
13,193
14,193
15,193
28,193
29,193
40,193
41,193
42,193
47,193
56,193
57,193
58,193
65,193
66,193
161,193
162,193
163,193
165,193
166,193
167,193
168,193
169,193
170,193
173,193
174,193
175,193
176,193
177,193
179,193
182,193
197,193
202,193
203,193
204,193
208,193
209,193
210,193
211,193
212,193
214,193
215,193
216,193
217,193
218,193
219,193
3,194
29,194
40,194
41,194
42,194
44,194
47,194
58,194
66,194
162,194
163,194
164,194
165,194
175,194
176,194
177,194
179,194
197,194
202,194
203,194
204,194
209,194
210,194
211,194
212,194
214,194
215,194
3,195
14,195
15,195
16,195
17,195
18,195
19,195
24,195
25,195
26,195
27,195
28,195
29,195
30,195
31,195
32,195
33,195
40,195
41,195
42,195
44,195
58,195
59,195
60,195
66,195
67,195
68,195
163,195
164,195
165,195
175,195
179,195
197,195
198,195
199,195
200,195
201,195
202,195
204,195
205,195
206,195
207,195
212,195
214,195
1,196
2,196
3,196
14,196
19,196
24,196
33,196
36,196
40,196
44,196
60,196
68,196
175,196
176,196
177,196
178,196
179,196
182,196
202,196
204,196
205,196
206,196
207,196
1,197
10,197
11,197
12,197
13,197
14,197
37,197
38,197
39,197
40,197
41,197
42,197
43,197
44,197
47,197
60,197
68,197
173,197
174,197
175,197
176,197
177,197
178,197
179,197
182,197
200,197
201,197
202,197
203,197
204,197
205,197
206,197
207,197
208,197
209,197
210,197
211,197
212,197
213,197
214,197
215,197
216,197
217,197
218,197
219,197
1,198
10,198
38,198
39,198
40,198
41,198
42,198
43,198
44,198
47,198
60,198
68,198
69,198
70,198
170,198
173,198
182,198
194,198
195,198
200,198
206,198
207,198
208,198
213,198
214,198
215,198
216,198
217,198
218,198
219,198
1,199
10,199
11,199
12,199
38,199
47,199
60,199
70,199
170,199
173,199
182,199
194,199
206,199
1,200
10,200
11,200
12,200
38,200
47,200
60,200
70,200
170,200
182,200
194,200
195,200
196,200
197,200
206,200
213,200
214,200
215,200
216,200
1,201
2,201
3,201
4,201
11,201
12,201
13,201
38,201
47,201
60,201
70,201
113,201
114,201
115,201
116,201
117,201
118,201
119,201
170,201
182,201
194,201
195,201
196,201
197,201
206,201
207,201
208,201
209,201
210,201
211,201
212,201
213,201
216,201
219,201
1,202
2,202
3,202
4,202
6,202
7,202
8,202
9,202
10,202
11,202
12,202
13,202
38,202
39,202
40,202
41,202
47,202
60,202
61,202
62,202
63,202
64,202
65,202
70,202
71,202
72,202
112,202
113,202
119,202
170,202
171,202
172,202
173,202
182,202
183,202
184,202
185,202
196,202
197,202
212,202
213,202
4,203
6,203
7,203
8,203
9,203
38,203
39,203
40,203
41,203
47,203
48,203
49,203
50,203
60,203
65,203
72,203
111,203
112,203
119,203
120,203
121,203
122,203
123,203
124,203
170,203
171,203
172,203
173,203
182,203
183,203
184,203
185,203
186,203
187,203
188,203
189,203
190,203
191,203
192,203
193,203
194,203
195,203
196,203
197,203
198,203
211,203
212,203
213,203
4,204
5,204
6,204
8,204
9,204
38,204
39,204
40,204
41,204
47,204
48,204
49,204
50,204
60,204
65,204
66,204
67,204
72,204
73,204
74,204
111,204
124,204
125,204
126,204
127,204
128,204
173,204
184,204
185,204
186,204
195,204
196,204
197,204
198,204
211,204
212,204
4,205
5,205
6,205
9,205
22,205
23,205
24,205
25,205
26,205
27,205
28,205
29,205
36,205
37,205
38,205
50,205
60,205
67,205
74,205
109,205
110,205
111,205
128,205
173,205
174,205
175,205
176,205
184,205
185,205
186,205
187,205
188,205
189,205
195,205
196,205
197,205
198,205
199,205
200,205
205,205
206,205
207,205
208,205
209,205
210,205
211,205
212,205
213,205
214,205
9,206
12,206
22,206
23,206
24,206
27,206
28,206
29,206
36,206
37,206
38,206
39,206
40,206
41,206
42,206
43,206
50,206
51,206
52,206
53,206
54,206
60,206
67,206
74,206
109,206
110,206
111,206
128,206
168,206
169,206
170,206
171,206
172,206
173,206
174,206
175,206
176,206
178,206
179,206
180,206
181,206
182,206
183,206
184,206
185,206
186,206
187,206
188,206
189,206
195,206
200,206
205,206
214,206
217,206
9,207
12,207
17,207
18,207
19,207
20,207
21,207
22,207
28,207
29,207
30,207
31,207
32,207
33,207
34,207
35,207
36,207
38,207
39,207
40,207
41,207
42,207
43,207
50,207
51,207
52,207
53,207
54,207
60,207
67,207
74,207
109,207
127,207
168,207
178,207
185,207
193,207
194,207
195,207
218,207
219,207
12,208
17,208
21,208
22,208
29,208
30,208
31,208
32,208
33,208
34,208
35,208
36,208
41,208
42,208
43,208
44,208
48,208
54,208
55,208
56,208
57,208
58,208
59,208
60,208
67,208
74,208
75,208
76,208
77,208
78,208
109,208
127,208
168,208
171,208
178,208
183,208
184,208
185,208
193,208
219,208
0,209
1,209
2,209
3,209
4,209
5,209
6,209
7,209
8,209
9,209
12,209
13,209
14,209
15,209
16,209
17,209
32,209
33,209
34,209
35,209
36,209
37,209
38,209
39,209
40,209
41,209
42,209
43,209
49,209
50,209
54,209
55,209
56,209
59,209
60,209
67,209
78,209
109,209
127,209
168,209
171,209
178,209
183,209
193,209
219,209
0,210
1,210
2,210
3,210
4,210
7,210
8,210
9,210
12,210
13,210
14,210
15,210
16,210
17,210
32,210
33,210
34,210
35,210
36,210
37,210
38,210
39,210
40,210
41,210
42,210
50,210
62,210
63,210
64,210
65,210
66,210
67,210
78,210
81,210
109,210
127,210
171,210
172,210
175,210
178,210
183,210
184,210
185,210
191,210
192,210
193,210
219,210
9,211
32,211
42,211
51,211
52,211
53,211
54,211
55,211
56,211
57,211
62,211
63,211
66,211
67,211
78,211
81,211
109,211
171,211
172,211
173,211
175,211
178,211
183,211
184,211
185,211
191,211
219,211
9,212
10,212
11,212
12,212
32,212
33,212
34,212
35,212
36,212
37,212
38,212
39,212
42,212
48,212
52,212
57,212
62,212
81,212
110,212
126,212
127,212
171,212
172,212
173,212
175,212
184,212
185,212
186,212
191,212
219,212
0,213
1,213
9,213
10,213
11,213
12,213
14,213
15,213
16,213
17,213
18,213
19,213
20,213
21,213
22,213
23,213
24,213
25,213
26,213
27,213
28,213
29,213
30,213
31,213
32,213
33,213
39,213
42,213
46,213
47,213
53,213
54,213
55,213
56,213
57,213
58,213
59,213
62,213
63,213
64,213
65,213
66,213
67,213
81,213
110,213
171,213
175,213
182,213
183,213
184,213
185,213
186,213
191,213
219,213
0,214
1,214
12,214
14,214
15,214
16,214
17,214
18,214
19,214
20,214
21,214
22,214
23,214
24,214
25,214
26,214
27,214
28,214
29,214
30,214
31,214
32,214
33,214
39,214
40,214
41,214
42,214
46,214
51,214
55,214
59,214
67,214
78,214
81,214
110,214
111,214
112,214
113,214
114,214
169,214
170,214
171,214
175,214
178,214
182,214
191,214
219,214
1,215
2,215
12,215
13,215
14,215
19,215
20,215
21,215
22,215
23,215
24,215
25,215
26,215
27,215
28,215
29,215
30,215
31,215
32,215
33,215
46,215
47,215
48,215
49,215
50,215
56,215
57,215
59,215
60,215
61,215
62,215
67,215
78,215
81,215
169,215
175,215
178,215
182,215
191,215
192,215
193,215
194,215
219,215
1,216
2,216
3,216
12,216
13,216
14,216
19,216
30,216
31,216
44,216
45,216
46,216
47,216
48,216
49,216
50,216
57,216
62,216
67,216
78,216
81,216
169,216
170,216
171,216
178,216
182,216
191,216
192,216
193,216
194,216
219,216
1,217
2,217
3,217
16,217
19,217
30,217
31,217
44,217
50,217
51,217
52,217
57,217
62,217
63,217
64,217
67,217
77,217
78,217
169,217
170,217
171,217
178,217
182,217
185,217
194,217
219,217
1,218
16,218
19,218
44,218
50,218
51,218
52,218
57,218
64,218
67,218
75,218
76,218
77,218
78,218
170,218
171,218
172,218
178,218
182,218
185,218
194,218
219,218
0,219
1,219
13,219
14,219
15,219
16,219
44,219
51,219
52,219
53,219
54,219
55,219
56,219
57,219
64,219
67,219
75,219
76,219
77,219
168,219
169,219
170,219
171,219
172,219
178,219
185,219
193,219
194,219
217,219
218,219
219,219
13,2
14,2
15,2
16,2
