0,0
1,0
2,0
3,0
4,0
5,0
6,0
7,0
8,0
9,0
10,0
11,0
12,0
13,0
14,0
15,0
16,0
17,0
18,0
19,0
20,0
21,0
22,0
23,0
24,0
25,0
26,0
27,0
28,0
29,0
30,0
31,0
32,0
33,0
34,0
35,0
36,0
37,0
38,0
39,0
40,0
41,0
42,0
43,0
44,0
45,0
46,0
47,0
48,0
49,0
50,0
51,0
52,0
53,0
54,0
55,0
56,0
57,0
58,0
59,0
60,0
61,0
62,0
63,0
64,0
65,0
66,0
67,0
68,0
69,0
70,0
71,0
72,0
73,0
74,0
75,0
76,0
77,0
78,0
79,0
80,0
81,0
82,0
83,0
84,0
85,0
86,0
87,0
88,0
89,0
90,0
91,0
92,0
93,0
94,0
95,0
96,0
97,0
98,0
99,0
100,0
101,0
102,0
103,0
104,0
105,0
106,0
107,0
108,0
109,0
110,0
111,0
112,0
113,0
114,0
115,0
116,0
117,0
118,0
119,0
120,0
121,0
122,0
123,0
124,0
125,0
126,0
127,0
128,0
129,0
130,0
131,0
132,0
133,0
134,0
135,0
136,0
137,0
138,0
139,0
140,0
141,0
142,0
143,0
144,0
145,0
146,0
147,0
148,0
149,0
150,0
151,0
152,0
153,0
154,0
155,0
156,0
157,0
158,0
159,0
160,0
0,1
1,1
2,1
3,1
4,1
5,1
6,1
7,1
8,1
9,1
10,1
11,1
12,1
13,1
14,1
15,1
16,1
17,1
18,1
19,1
20,1
21,1
22,1
23,1
24,1
25,1
26,1
27,1
28,1
29,1
30,1
31,1
32,1
33,1
34,1
35,1
36,1
37,1
38,1
39,1
40,1
41,1
42,1
43,1
44,1
45,1
46,1
47,1
48,1
49,1
50,1
51,1
52,1
53,1
54,1
55,1
56,1
57,1
58,1
59,1
60,1
61,1
62,1
63,1
64,1
65,1
66,1
67,1
68,1
69,1
70,1
71,1
72,1
73,1
74,1
75,1
76,1
77,1
78,1
79,1
80,1
81,1
82,1
83,1
84,1
85,1
86,1
87,1
88,1
89,1
90,1
91,1
92,1
93,1
94,1
95,1
96,1
97,1
98,1
99,1
100,1
101,1
102,1
103,1
104,1
105,1
106,1
107,1
108,1
109,1
110,1
111,1
112,1
113,1
114,1
115,1
116,1
117,1
118,1
119,1
120,1
121,1
122,1
123,1
124,1
125,1
126,1
127,1
128,1
129,1
130,1
131,1
132,1
133,1
134,1
135,1
136,1
137,1
138,1
139,1
140,1
141,1
142,1
143,1
144,1
145,1
146,1
147,1
148,1
149,1
150,1
151,1
152,1
153,1
154,1
155,1
156,1
157,1
158,1
159,1
160,1
0,2
1,2
2,2
3,2
4,2
5,2
6,2
7,2
8,2
9,2
10,2
11,2
12,2
13,2
14,2
15,2
16,2
17,2
18,2
19,2
20,2
21,2
22,2
23,2
24,2
25,2
26,2
27,2
28,2
29,2
30,2
31,2
32,2
33,2
34,2
35,2
36,2
37,2
38,2
39,2
40,2
41,2
42,2
43,2
44,2
45,2
46,2
47,2
48,2
49,2
50,2
51,2
52,2
53,2
54,2
55,2
56,2
57,2
58,2
59,2
60,2
61,2
62,2
63,2
64,2
65,2
66,2
67,2
68,2
69,2
70,2
71,2
72,2
73,2
74,2
75,2
76,2
77,2
78,2
79,2
80,2
81,2
82,2
83,2
84,2
85,2
86,2
87,2
88,2
89,2
90,2
91,2
92,2
93,2
94,2
95,2
96,2
97,2
98,2
99,2
100,2
101,2
102,2
103,2
104,2
105,2
106,2
107,2
108,2
109,2
110,2
111,2
112,2
113,2
114,2
115,2
116,2
117,2
118,2
119,2
120,2
121,2
122,2
123,2
124,2
125,2
126,2
127,2
128,2
129,2
130,2
131,2
132,2
133,2
134,2
135,2
136,2
137,2
138,2
139,2
140,2
141,2
142,2
143,2
144,2
145,2
146,2
147,2
148,2
149,2
150,2
151,2
152,2
153,2
154,2
155,2
156,2
157,2
158,2
159,2
160,2
0,3
8,3
28,3
36,3
44,3
68,3
76,3
92,3
100,3
116,3
120,3
136,3
148,3
160,3
0,4
8,4
12,4
13,4
14,4
15,4
16,4
17,4
18,4
19,4
20,4
21,4
22,4
23,4
24,4
28,4
36,4
44,4
48,4
49,4
50,4
51,4
52,4
53,4
54,4
55,4
56,4
57,4
58,4
59,4
60,4
64,4
65,4
66,4
67,4
68,4
76,4
77,4
78,4
79,4
84,4
85,4
86,4
87,4
92,4
100,4
101,4
102,4
103,4
104,4
105,4
106,4
107,4
108,4
109,4
110,4
111,4
116,4
120,4
124,4
125,4
126,4
127,4
128,4
129,4
130,4
131,4
132,4
136,4
137,4
138,4
139,4
140,4
141,4
142,4
143,4
148,4
149,4
150,4
151,4
152,4
153,4
154,4
155,4
160,4
0,5
8,5
12,5
13,5
14,5
15,5
16,5
17,5
18,5
19,5
20,5
21,5
22,5
23,5
24,5
28,5
32,5
36,5
40,5
44,5
48,5
49,5
50,5
51,5
52,5
53,5
54,5
55,5
56,5
57,5
58,5
59,5
60,5
64,5
65,5
66,5
67,5
68,5
72,5
76,5
77,5
78,5
79,5
84,5
85,5
86,5
87,5
92,5
96,5
100,5
101,5
102,5
103,5
104,5
105,5
106,5
107,5
108,5
109,5
110,5
111,5
116,5
120,5
124,5
125,5
126,5
127,5
128,5
129,5
130,5
131,5
132,5
136,5
137,5
138,5
139,5
140,5
141,5
142,5
143,5
148,5
149,5
150,5
151,5
152,5
153,5
154,5
155,5
160,5
0,6
8,6
12,6
13,6
14,6
15,6
16,6
17,6
18,6
19,6
20,6
21,6
22,6
23,6
24,6
28,6
32,6
36,6
40,6
44,6
48,6
49,6
50,6
51,6
52,6
53,6
54,6
55,6
56,6
57,6
58,6
59,6
60,6
64,6
65,6
66,6
67,6
68,6
72,6
76,6
77,6
78,6
79,6
84,6
85,6
86,6
87,6
92,6
96,6
100,6
101,6
102,6
103,6
104,6
105,6
106,6
107,6
108,6
109,6
110,6
111,6
120,6
124,6
125,6
126,6
127,6
128,6
129,6
130,6
131,6
132,6
136,6
137,6
138,6
139,6
140,6
141,6
142,6
143,6
148,6
149,6
150,6
151,6
152,6
153,6
154,6
155,6
160,6
0,7
8,7
24,7
28,7
32,7
40,7
44,7
56,7
60,7
64,7
72,7
76,7
84,7
96,7
108,7
120,7
132,7
148,7
160,7
0,8
8,8
24,8
28,8
32,8
33,8
34,8
35,8
36,8
37,8
38,8
39,8
40,8
44,8
45,8
46,8
47,8
48,8
56,8
60,8
64,8
68,8
69,8
70,8
71,8
72,8
76,8
80,8
81,8
82,8
83,8
84,8
85,8
86,8
87,8
88,8
89,8
90,8
91,8
92,8
93,8
94,8
95,8
96,8
97,8
98,8
99,8
100,8
101,8
102,8
103,8
104,8
108,8
112,8
113,8
114,8
115,8
116,8
117,8
118,8
119,8
120,8
121,8
122,8
123,8
124,8
125,8
126,8
127,8
128,8
132,8
133,8
134,8
135,8
136,8
137,8
138,8
139,8
140,8
141,8
142,8
143,8
144,8
145,8
146,8
147,8
148,8
152,8
153,8
154,8
155,8
156,8
157,8
158,8
159,8
160,8
0,9
8,9
24,9
28,9
32,9
33,9
34,9
35,9
36,9
37,9
38,9
39,9
40,9
44,9
45,9
46,9
47,9
48,9
52,9
56,9
60,9
64,9
68,9
69,9
70,9
71,9
72,9
76,9
80,9
81,9
82,9
83,9
84,9
85,9
86,9
87,9
88,9
89,9
90,9
91,9
92,9
93,9
94,9
95,9
96,9
97,9
98,9
99,9
100,9
101,9
102,9
103,9
104,9
108,9
112,9
113,9
114,9
115,9
116,9
117,9
118,9
119,9
120,9
121,9
122,9
123,9
124,9
125,9
126,9
127,9
128,9
132,9
133,9
134,9
135,9
136,9
137,9
138,9
139,9
140,9
141,9
142,9
143,9
144,9
145,9
146,9
147,9
148,9
152,9
153,9
154,9
155,9
156,9
157,9
158,9
159,9
160,9
0,10
8,10
24,10
32,10
33,10
34,10
35,10
36,10
37,10
38,10
39,10
40,10
44,10
45,10
46,10
47,10
48,10
52,10
60,10
68,10
69,10
70,10
71,10
72,10
76,10
80,10
81,10
82,10
83,10
84,10
85,10
86,10
87,10
88,10
89,10
90,10
91,10
92,10
93,10
94,10
95,10
96,10
97,10
98,10
99,10
100,10
101,10
102,10
103,10
104,10
108,10
112,10
113,10
114,10
115,10
116,10
117,10
118,10
119,10
120,10
121,10
122,10
123,10
124,10
125,10
126,10
127,10
128,10
132,10
133,10
134,10
135,10
136,10
137,10
138,10
139,10
140,10
141,10
142,10
143,10
144,10
145,10
146,10
147,10
148,10
152,10
153,10
154,10
155,10
156,10
157,10
158,10
159,10
160,10
0,11
8,11
24,11
36,11
44,11
48,11
52,11
60,11
68,11
76,11
80,11
96,11
104,11
108,11
112,11
120,11
128,11
144,11
152,11
160,11
0,12
8,12
12,12
13,12
14,12
15,12
16,12
17,12
18,12
19,12
20,12
21,12
22,12
23,12
24,12
25,12
26,12
27,12
28,12
29,12
30,12
31,12
36,12
40,12
41,12
42,12
43,12
44,12
48,12
52,12
53,12
54,12
55,12
56,12
60,12
61,12
62,12
63,12
64,12
65,12
66,12
67,12
68,12
72,12
73,12
74,12
75,12
76,12
80,12
84,12
85,12
86,12
87,12
88,12
89,12
90,12
91,12
92,12
96,12
104,12
108,12
112,12
120,12
121,12
122,12
123,12
128,12
132,12
133,12
134,12
135,12
136,12
137,12
138,12
139,12
144,12
148,12
149,12
150,12
151,12
152,12
160,12
0,13
4,13
8,13
12,13
13,13
14,13
15,13
16,13
17,13
18,13
19,13
20,13
21,13
22,13
23,13
24,13
25,13
26,13
27,13
28,13
29,13
30,13
31,13
36,13
40,13
41,13
42,13
43,13
44,13
48,13
52,13
53,13
54,13
55,13
56,13
60,13
61,13
62,13
63,13
64,13
65,13
66,13
67,13
68,13
72,13
73,13
74,13
75,13
76,13
80,13
84,13
85,13
86,13
87,13
88,13
89,13
90,13
91,13
92,13
96,13
100,13
104,13
108,13
112,13
116,13
120,13
121,13
122,13
123,13
128,13
132,13
133,13
134,13
135,13
136,13
137,13
138,13
139,13
144,13
148,13
149,13
150,13
151,13
152,13
156,13
160,13
0,14
4,14
8,14
12,14
13,14
14,14
15,14
16,14
17,14
18,14
19,14
20,14
21,14
22,14
23,14
24,14
25,14
26,14
27,14
28,14
29,14
30,14
31,14
36,14
40,14
41,14
42,14
43,14
44,14
48,14
52,14
53,14
54,14
55,14
56,14
60,14
61,14
62,14
63,14
64,14
65,14
66,14
67,14
68,14
72,14
73,14
74,14
75,14
76,14
80,14
84,14
85,14
86,14
87,14
88,14
89,14
90,14
91,14
92,14
100,14
104,14
112,14
116,14
120,14
121,14
122,14
123,14
128,14
132,14
133,14
134,14
135,14
136,14
137,14
138,14
139,14
148,14
149,14
150,14
151,14
152,14
156,14
160,14
0,15
4,15
8,15
20,15
36,15
48,15
56,15
60,15
72,15
80,15
92,15
100,15
104,15
112,15
116,15
120,15
128,15
136,15
148,15
156,15
160,15
0,16
4,16
8,16
9,16
10,16
11,16
12,16
13,16
14,16
15,16
16,16
20,16
24,16
25,16
26,16
27,16
28,16
29,16
30,16
31,16
32,16
33,16
34,16
35,16
36,16
37,16
38,16
39,16
40,16
41,16
42,16
43,16
44,16
45,16
46,16
47,16
48,16
49,16
50,16
51,16
56,16
60,16
64,16
65,16
66,16
67,16
68,16
69,16
70,16
71,16
72,16
76,16
77,16
78,16
79,16
80,16
81,16
82,16
83,16
84,16
85,16
86,16
87,16
92,16
93,16
94,16
95,16
96,16
97,16
98,16
99,16
100,16
101,16
102,16
103,16
104,16
105,16
106,16
107,16
108,16
112,16
116,16
120,16
124,16
125,16
126,16
127,16
128,16
129,16
130,16
131,16
136,16
140,16
141,16
142,16
143,16
144,16
145,16
146,16
147,16
148,16
149,16
150,16
151,16
152,16
153,16
154,16
155,16
156,16
160,16
0,17
4,17
8,17
9,17
10,17
11,17
12,17
13,17
14,17
15,17
16,17
20,17
24,17
25,17
26,17
27,17
28,17
29,17
30,17
31,17
32,17
33,17
34,17
35,17
36,17
37,17
38,17
39,17
40,17
41,17
42,17
43,17
44,17
45,17
46,17
47,17
48,17
49,17
50,17
51,17
56,17
60,17
64,17
65,17
66,17
67,17
68,17
69,17
70,17
71,17
72,17
76,17
77,17
78,17
79,17
80,17
81,17
82,17
83,17
84,17
85,17
86,17
87,17
92,17
93,17
94,17
95,17
96,17
97,17
98,17
99,17
100,17
101,17
102,17
103,17
104,17
105,17
106,17
107,17
108,17
112,17
116,17
120,17
124,17
125,17
126,17
127,17
128,17
129,17
130,17
131,17
136,17
140,17
141,17
142,17
143,17
144,17
145,17
146,17
147,17
148,17
149,17
150,17
151,17
152,17
153,17
154,17
155,17
156,17
160,17
0,18
4,18
8,18
9,18
10,18
11,18
12,18
13,18
14,18
15,18
16,18
20,18
24,18
25,18
26,18
27,18
28,18
29,18
30,18
31,18
32,18
33,18
34,18
35,18
36,18
37,18
38,18
39,18
40,18
41,18
42,18
43,18
44,18
45,18
46,18
47,18
48,18
49,18
50,18
51,18
56,18
60,18
64,18
65,18
66,18
67,18
68,18
69,18
70,18
71,18
72,18
76,18
77,18
78,18
79,18
80,18
81,18
82,18
83,18
84,18
85,18
86,18
87,18
92,18
93,18
94,18
95,18
96,18
97,18
98,18
99,18
100,18
101,18
102,18
103,18
104,18
105,18
106,18
107,18
108,18
116,18
124,18
125,18
126,18
127,18
128,18
129,18
130,18
131,18
136,18
140,18
141,18
142,18
143,18
144,18
145,18
146,18
147,18
148,18
149,18
150,18
151,18
152,18
153,18
154,18
155,18
156,18
160,18
0,19
4,19
16,19
20,19
56,19
60,19
76,19
84,19
104,19
108,19
116,19
124,19
136,19
140,19
148,19
160,19
0,20
4,20
8,20
9,20
10,20
11,20
16,20
20,20
21,20
22,20
23,20
24,20
25,20
26,20
27,20
28,20
29,20
30,20
31,20
32,20
33,20
34,20
35,20
36,20
37,20
38,20
39,20
40,20
41,20
42,20
43,20
44,20
45,20
46,20
47,20
48,20
49,20
50,20
51,20
52,20
56,20
57,20
58,20
59,20
60,20
61,20
62,20
63,20
64,20
65,20
66,20
67,20
68,20
69,20
70,20
71,20
72,20
73,20
74,20
75,20
76,20
84,20
88,20
89,20
90,20
91,20
92,20
93,20
94,20
95,20
96,20
97,20
98,20
99,20
100,20
104,20
108,20
109,20
110,20
111,20
112,20
113,20
114,20
115,20
116,20
117,20
118,20
119,20
120,20
121,20
122,20
123,20
124,20
128,20
129,20
130,20
131,20
132,20
133,20
134,20
135,20
136,20
140,20
148,20
152,20
153,20
154,20
155,20
156,20
157,20
158,20
159,20
160,20
0,21
4,21
8,21
9,21
10,21
11,21
16,21
20,21
21,21
22,21
23,21
24,21
25,21
26,21
27,21
28,21
29,21
30,21
31,21
32,21
33,21
34,21
35,21
36,21
37,21
38,21
39,21
40,21
41,21
42,21
43,21
44,21
45,21
46,21
47,21
48,21
49,21
50,21
51,21
52,21
56,21
57,21
58,21
59,21
60,21
61,21
62,21
63,21
64,21
65,21
66,21
67,21
68,21
69,21
70,21
71,21
72,21
73,21
74,21
75,21
76,21
80,21
84,21
88,21
89,21
90,21
91,21
92,21
93,21
94,21
95,21
96,21
97,21
98,21
99,21
100,21
104,21
108,21
109,21
110,21
111,21
112,21
113,21
114,21
115,21
116,21
117,21
118,21
119,21
120,21
121,21
122,21
123,21
124,21
128,21
129,21
130,21
131,21
132,21
133,21
134,21
135,21
136,21
140,21
144,21
148,21
152,21
153,21
154,21
155,21
156,21
157,21
158,21
159,21
160,21
0,22
4,22
8,22
9,22
10,22
11,22
16,22
20,22
21,22
22,22
23,22
24,22
25,22
26,22
27,22
28,22
29,22
30,22
31,22
32,22
33,22
34,22
35,22
36,22
37,22
38,22
39,22
40,22
41,22
42,22
43,22
44,22
45,22
46,22
47,22
48,22
49,22
50,22
51,22
52,22
56,22
57,22
58,22
59,22
60,22
61,22
62,22
63,22
64,22
65,22
66,22
67,22
68,22
69,22
70,22
71,22
72,22
73,22
74,22
75,22
76,22
80,22
84,22
88,22
89,22
90,22
91,22
92,22
93,22
94,22
95,22
96,22
97,22
98,22
99,22
100,22
108,22
109,22
110,22
111,22
112,22
113,22
114,22
115,22
116,22
117,22
118,22
119,22
120,22
121,22
122,22
123,22
124,22
128,22
129,22
130,22
131,22
132,22
133,22
134,22
135,22
136,22
140,22
144,22
148,22
152,22
153,22
154,22
155,22
156,22
157,22
158,22
159,22
160,22
0,23
4,23
8,23
16,23
20,23
28,23
44,23
52,23
64,23
72,23
80,23
84,23
96,23
100,23
116,23
128,23
140,23
144,23
148,23
160,23
0,24
4,24
5,24
6,24
7,24
8,24
12,24
13,24
14,24
15,24
16,24
20,24
28,24
32,24
33,24
34,24
35,24
36,24
37,24
38,24
39,24
44,24
52,24
53,24
54,24
55,24
56,24
57,24
58,24
59,24
60,24
64,24
72,24
76,24
77,24
78,24
79,24
80,24
84,24
85,24
86,24
87,24
88,24
89,24
90,24
91,24
96,24
100,24
101,24
102,24
103,24
104,24
105,24
106,24
107,24
108,24
109,24
110,24
111,24
116,24
120,24
121,24
122,24
123,24
124,24
125,24
126,24
127,24
128,24
132,24
133,24
134,24
135,24
136,24
137,24
138,24
139,24
140,24
144,24
148,24
149,24
150,24
151,24
160,24
0,25
4,25
5,25
6,25
7,25
8,25
12,25
13,25
14,25
15,25
16,25
20,25
24,25
28,25
32,25
33,25
34,25
35,25
36,25
37,25
38,25
39,25
44,25
48,25
52,25
53,25
54,25
55,25
56,25
57,25
58,25
59,25
60,25
64,25
68,25
72,25
76,25
77,25
78,25
79,25
80,25
84,25
85,25
86,25
87,25
88,25
89,25
90,25
91,25
96,25
100,25
101,25
102,25
103,25
104,25
105,25
106,25
107,25
108,25
109,25
110,25
111,25
116,25
120,25
121,25
122,25
123,25
124,25
125,25
126,25
127,25
128,25
132,25
133,25
134,25
135,25
136,25
137,25
138,25
139,25
140,25
144,25
148,25
149,25
150,25
151,25
156,25
160,25
0,26
4,26
5,26
6,26
7,26
8,26
12,26
13,26
14,26
15,26
16,26
20,26
24,26
32,26
33,26
34,26
35,26
36,26
37,26
38,26
39,26
44,26
48,26
52,26
53,26
54,26
55,26
56,26
57,26
58,26
59,26
60,26
64,26
68,26
76,26
77,26
78,26
79,26
80,26
84,26
85,26
86,26
87,26
88,26
89,26
90,26
91,26
96,26
100,26
101,26
102,26
103,26
104,26
105,26
106,26
107,26
108,26
109,26
110,26
111,26
116,26
120,26
121,26
122,26
123,26
124,26
125,26
126,26
127,26
128,26
132,26
133,26
134,26
135,26
136,26
137,26
138,26
139,26
140,26
144,26
148,26
149,26
150,26
151,26
156,26
160,26
0,27
8,27
12,27
20,27
24,27
32,27
44,27
48,27
52,27
60,27
64,27
68,27
76,27
84,27
96,27
108,27
116,27
124,27
128,27
132,27
140,27
144,27
156,27
160,27
0,28
1,28
2,28
3,28
8,28
9,28
10,28
11,28
12,28
16,28
17,28
18,28
19,28
20,28
24,28
25,28
26,28
27,28
28,28
29,28
30,28
31,28
32,28
33,28
34,28
35,28
36,28
37,28
38,28
39,28
40,28
41,28
42,28
43,28
44,28
48,28
52,28
60,28
64,28
68,28
69,28
70,28
71,28
76,28
80,28
81,28
82,28
83,28
84,28
85,28
86,28
87,28
88,28
89,28
90,28
91,28
92,28
93,28
94,28
95,28
96,28
100,28
101,28
102,28
103,28
104,28
108,28
116,28
117,28
118,28
119,28
124,28
128,28
132,28
136,28
137,28
138,28
139,28
140,28
144,28
148,28
149,28
150,28
151,28
152,28
153,28
154,28
155,28
156,28
160,28
0,29
1,29
2,29
3,29
8,29
9,29
10,29
11,29
12,29
16,29
17,29
18,29
19,29
20,29
24,29
25,29
26,29
27,29
28,29
29,29
30,29
31,29
32,29
33,29
34,29
35,29
36,29
37,29
38,29
39,29
40,29
41,29
42,29
43,29
44,29
48,29
56,29
60,29
64,29
68,29
69,29
70,29
71,29
76,29
80,29
81,29
82,29
83,29
84,29
85,29
86,29
87,29
88,29
89,29
90,29
91,29
92,29
93,29
94,29
95,29
96,29
100,29
101,29
102,29
103,29
104,29
108,29
112,29
116,29
117,29
118,29
119,29
124,29
128,29
132,29
136,29
137,29
138,29
139,29
140,29
144,29
148,29
149,29
150,29
151,29
152,29
153,29
154,29
155,29
156,29
160,29
0,30
1,30
2,30
3,30
8,30
9,30
10,30
11,30
12,30
16,30
17,30
18,30
19,30
20,30
24,30
25,30
26,30
27,30
28,30
29,30
30,30
31,30
32,30
33,30
34,30
35,30
36,30
37,30
38,30
39,30
40,30
41,30
42,30
43,30
44,30
48,30
56,30
60,30
68,30
69,30
70,30
71,30
76,30
80,30
81,30
82,30
83,30
84,30
85,30
86,30
87,30
88,30
89,30
90,30
91,30
92,30
93,30
94,30
95,30
96,30
100,30
101,30
102,30
103,30
104,30
112,30
116,30
117,30
118,30
119,30
124,30
132,30
136,30
137,30
138,30
139,30
140,30
144,30
148,30
149,30
150,30
151,30
152,30
153,30
154,30
155,30
156,30
160,30
0,31
12,31
20,31
32,31
44,31
48,31
56,31
60,31
68,31
76,31
96,31
104,31
112,31
116,31
124,31
132,31
144,31
156,31
160,31
0,32
4,32
5,32
6,32
7,32
8,32
12,32
16,32
17,32
18,32
19,32
20,32
28,32
29,32
30,32
31,32
32,32
36,32
37,32
38,32
39,32
40,32
44,32
48,32
49,32
50,32
51,32
52,32
53,32
54,32
55,32
56,32
60,32
61,32
62,32
63,32
64,32
65,32
66,32
67,32
68,32
76,32
77,32
78,32
79,32
80,32
81,32
82,32
83,32
84,32
85,32
86,32
87,32
88,32
89,32
90,32
91,32
92,32
96,32
97,32
98,32
99,32
104,32
105,32
106,32
107,32
108,32
109,32
110,32
111,32
112,32
113,32
114,32
115,32
116,32
124,32
125,32
126,32
127,32
128,32
129,32
130,32
131,32
132,32
136,32
137,32
138,32
139,32
140,32
141,32
142,32
143,32
144,32
148,32
149,32
150,32
151,32
156,32
160,32
0,33
8,33
12,33
16,33
17,33
18,33
19,33
20,33
24,33
28,33
29,33
30,33
31,33
32,33
36,33
37,33
38,33
39,33
40,33
44,33
48,33
49,33
50,33
51,33
52,33
53,33
54,33
55,33
56,33
60,33
62,33
63,33
64,33
65,33
66,33
67,33
68,33
72,33
76,33
77,33
78,33
79,33
80,33
81,33
82,33
83,33
84,33
85,33
86,33
87,33
88,33
89,33
90,33
91,33
92,33
96,33
97,33
98,33
99,33
104,33
105,33
106,33
107,33
108,33
109,33
110,33
111,33
112,33
113,33
114,33
115,33
116,33
120,33
124,33
125,33
126,33
127,33
128,33
129,33
130,33
131,33
132,33
136,33
137,33
138,33
139,33
140,33
141,33
142,33
143,33
144,33
148,33
149,33
150,33
151,33
156,33
160,33
0,34
8,34
12,34
16,34
17,34
18,34
19,34
20,34
24,34
28,34
29,34
30,34
31,34
32,34
36,34
37,34
38,34
39,34
40,34
48,34
49,34
50,34
51,34
52,34
53,34
54,34
55,34
56,34
60,34
61,34
62,34
63,34
64,34
65,34
66,34
67,34
68,34
72,34
76,34
77,34
78,34
79,34
80,34
81,34
82,34
83,34
84,34
85,34
86,34
87,34
88,34
89,34
90,34
91,34
92,34
96,34
97,34
98,34
99,34
104,34
105,34
106,34
107,34
108,34
109,34
110,34
111,34
112,34
113,34
114,34
115,34
116,34
120,34
124,34
125,34
126,34
127,34
128,34
129,34
130,34
131,34
132,34
136,34
137,34
138,34
139,34
140,34
141,34
142,34
143,34
144,34
148,34
149,34
150,34
151,34
156,34
160,34
0,35
8,35
12,35
16,35
24,35
36,35
40,35
48,35
60,35
72,35
84,35
92,35
120,35
124,35
132,35
136,35
144,35
148,35
156,35
160,35
0,36
1,36
2,36
3,36
4,36
5,36
6,36
7,36
8,36
12,36
16,36
20,36
21,36
22,36
23,36
24,36
36,36
40,36
41,36
42,36
43,36
44,36
45,36
46,36
47,36
48,36
52,36
53,36
54,36
55,36
56,36
57,36
58,36
59,36
60,36
61,36
62,36
63,36
64,36
65,36
66,36
67,36
68,36
69,36
70,36
71,36
72,36
73,36
74,36
75,36
76,36
77,36
78,36
79,36
84,36
85,36
86,36
87,36
92,36
93,36
94,36
95,36
100,36
101,36
102,36
103,36
104,36
105,36
106,36
107,36
108,36
109,36
110,36
111,36
112,36
113,36
114,36
115,36
116,36
117,36
118,36
119,36
120,36
124,36
125,36
126,36
127,36
128,36
132,36
136,36
144,36
148,36
152,36
153,36
154,36
155,36
156,36
160,36
0,37
1,37
2,37
3,37
4,37
5,37
6,37
7,37
8,37
12,37
16,37
20,37
21,37
22,37
23,37
24,37
28,37
32,37
36,37
40,37
41,37
42,37
43,37
44,37
45,37
46,37
47,37
48,37
52,37
53,37
54,37
55,37
56,37
57,37
58,37
59,37
60,37
61,37
62,37
63,37
64,37
65,37
66,37
67,37
68,37
69,37
70,37
71,37
72,37
73,37
74,37
75,37
76,37
77,37
78,37
79,37
84,37
85,37
86,37
87,37
92,37
93,37
94,37
95,37
100,37
101,37
102,37
103,37
104,37
105,37
106,37
107,37
108,37
109,37
110,37
111,37
112,37
113,37
114,37
115,37
116,37
117,37
118,37
119,37
120,37
124,37
125,37
126,37
127,37
128,37
132,37
136,37
140,37
144,37
148,37
152,37
153,37
154,37
155,37
156,37
160,37
0,38
1,38
2,38
3,38
4,38
5,38
6,38
7,38
8,38
16,38
20,38
21,38
22,38
23,38
24,38
28,38
32,38
36,38
40,38
41,38
42,38
43,38
44,38
45,38
46,38
47,38
48,38
52,38
53,38
54,38
55,38
56,38
57,38
58,38
59,38
60,38
61,38
62,38
63,38
64,38
65,38
66,38
67,38
68,38
69,38
70,38
71,38
72,38
73,38
74,38
75,38
76,38
77,38
78,38
79,38
84,38
85,38
86,38
87,38
92,38
93,38
94,38
95,38
100,38
101,38
102,38
103,38
104,38
105,38
106,38
107,38
108,38
109,38
110,38
111,38
112,38
113,38
114,38
115,38
116,38
117,38
118,38
119,38
120,38
124,38
125,38
126,38
127,38
128,38
136,38
140,38
144,38
148,38
152,38
153,38
154,38
155,38
156,38
160,38
0,39
8,39
16,39
20,39
28,39
32,39
36,39
44,39
48,39
52,39
56,39
68,39
84,39
92,39
108,39
120,39
128,39
136,39
140,39
144,39
148,39
152,39
160,39
0,40
8,40
9,40
10,40
11,40
12,40
13,40
14,40
15,40
16,40
20,40
24,40
25,40
26,40
27,40
28,40
32,40
36,40
37,40
38,40
39,40
40,40
44,40
48,40
52,40
56,40
60,40
61,40
62,40
63,40
68,40
72,40
73,40
74,40
75,40
76,40
77,40
78,40
79,40
80,40
81,40
82,40
83,40
84,40
88,40
89,40
90,40
91,40
92,40
93,40
94,40
95,40
96,40
97,40
98,40
99,40
100,40
101,40
102,40
103,40
108,40
112,40
113,40
114,40
115,40
116,40
120,40
121,40
122,40
123,40
128,40
129,40
130,40
131,40
132,40
133,40
134,40
135,40
136,40
140,40
144,40
145,40
146,40
147,40
148,40
152,40
156,40
157,40
158,40
159,40
160,40
0,41
4,41
8,41
9,41
10,41
11,41
12,41
13,41
14,41
15,41
16,41
20,41
24,41
25,41
26,41
27,41
28,41
32,41
36,41
37,41
38,41
39,41
40,41
44,41
48,41
52,41
56,41
60,41
61,41
62,41
63,41
68,41
72,41
73,41
74,41
75,41
76,41
77,41
78,41
79,41
80,41
81,41
82,41
83,41
84,41
88,41
89,41
90,41
91,41
92,41
93,41
94,41
95,41
96,41
97,41
98,41
99,41
100,41
101,41
102,41
103,41
108,41
112,41
113,41
114,41
115,41
116,41
120,41
121,41
122,41
123,41
128,41
129,41
130,41
131,41
132,41
133,41
134,41
135,41
136,41
140,41
144,41
145,41
146,41
147,41
148,41
152,41
156,41
157,41
158,41
159,41
160,41
0,42
4,42
8,42
9,42
10,42
11,42
12,42
13,42
14,42
15,42
16,42
20,42
24,42
25,42
26,42
27,42
28,42
32,42
36,42
37,42
38,42
39,42
40,42
56,42
60,42
61,42
62,42
63,42
68,42
72,42
73,42
74,42
75,42
76,42
77,42
78,42
79,42
80,42
81,42
82,42
83,42
84,42
88,42
89,42
90,42
91,42
92,42
93,42
94,42
95,42
96,42
97,42
98,42
99,42
100,42
101,42
102,42
103,42
112,42
113,42
114,42
115,42
116,42
120,42
121,42
122,42
123,42
128,42
129,42
130,42
131,42
132,42
133,42
134,42
135,42
136,42
140,42
144,42
145,42
146,42
147,42
148,42
152,42
156,42
157,42
158,42
159,42
160,42
0,43
4,43
12,43
20,43
24,43
32,43
40,43
56,43
60,43
68,43
80,43
84,43
92,43
112,43
116,43
120,43
128,43
140,43
152,43
160,43
0,44
4,44
5,44
6,44
7,44
12,44
16,44
17,44
18,44
19,44
20,44
21,44
22,44
23,44
24,44
28,44
29,44
30,44
31,44
32,44
33,44
34,44
35,44
40,44
44,44
45,44
46,44
47,44
48,44
49,44
50,44
51,44
52,44
53,44
54,44
55,44
56,44
60,44
61,44
62,44
63,44
64,44
65,44
66,44
67,44
68,44
69,44
70,44
71,44
72,44
73,44
74,44
75,44
80,44
84,44
85,44
86,44
87,44
88,44
92,44
96,44
97,44
98,44
99,44
100,44
101,44
102,44
103,44
104,44
105,44
106,44
107,44
108,44
109,44
110,44
111,44
112,44
116,44
120,44
124,44
125,44
126,44
127,44
128,44
132,44
133,44
134,44
135,44
136,44
137,44
138,44
139,44
140,44
141,44
142,44
143,44
144,44
152,44
153,44
154,44
155,44
156,44
157,44
158,44
159,44
160,44
0,45
4,45
5,45
6,45
7,45
12,45
16,45
17,45
18,45
19,45
20,45
21,45
22,45
23,45
24,45
28,45
29,45
30,45
31,45
32,45
33,45
34,45
35,45
40,45
44,45
45,45
46,45
47,45
48,45
49,45
50,45
51,45
52,45
53,45
54,45
55,45
56,45
60,45
61,45
62,45
63,45
64,45
65,45
66,45
67,45
68,45
69,45
70,45
71,45
72,45
73,45
74,45
75,45
80,45
84,45
85,45
86,45
87,45
88,45
92,45
96,45
97,45
98,45
99,45
100,45
101,45
102,45
103,45
104,45
105,45
106,45
107,45
108,45
109,45
110,45
111,45
112,45
116,45
120,45
124,45
125,45
126,45
127,45
128,45
132,45
133,45
134,45
135,45
136,45
137,45
138,45
139,45
140,45
141,45
142,45
143,45
144,45
148,45
152,45
153,45
154,45
155,45
156,45
157,45
158,45
159,45
160,45
0,46
4,46
5,46
6,46
7,46
12,46
16,46
17,46
18,46
19,46
20,46
21,46
22,46
23,46
24,46
28,46
29,46
30,46
31,46
32,46
33,46
34,46
35,46
40,46
44,46
45,46
46,46
47,46
48,46
49,46
50,46
51,46
52,46
53,46
54,46
55,46
56,46
60,46
61,46
62,46
63,46
64,46
65,46
66,46
67,46
68,46
69,46
70,46
71,46
72,46
73,46
74,46
75,46
80,46
84,46
85,46
86,46
87,46
88,46
96,46
97,46
98,46
99,46
100,46
101,46
102,46
103,46
104,46
105,46
106,46
107,46
108,46
109,46
110,46
111,46
112,46
116,46
120,46
124,46
125,46
126,46
127,46
128,46
132,46
133,46
134,46
135,46
136,46
137,46
138,46
139,46
140,46
141,46
142,46
143,46
144,46
148,46
152,46
153,46
154,46
155,46
156,46
157,46
158,46
159,46
160,46
0,47
4,47
12,47
20,47
28,47
32,47
40,47
44,47
60,47
80,47
88,47
96,47
108,47
116,47
120,47
132,47
136,47
144,47
148,47
152,47
160,47
0,48
4,48
8,48
9,48
10,48
11,48
12,48
13,48
14,48
15,48
16,48
20,48
24,48
25,48
26,48
27,48
28,48
32,48
36,48
37,48
38,48
39,48
40,48
44,48
48,48
49,48
50,48
51,48
52,48
53,48
54,48
55,48
56,48
57,48
58,48
59,48
60,48
64,48
65,48
66,48
67,48
68,48
69,48
70,48
71,48
72,48
73,48
74,48
75,48
76,48
77,48
78,48
79,48
80,48
88,48
89,48
90,48
91,48
92,48
93,48
94,48
95,48
96,48
97,48
98,48
99,48
100,48
101,48
102,48
103,48
108,48
112,48
113,48
114,48
115,48
116,48
120,48
121,48
122,48
123,48
124,48
125,48
126,48
127,48
128,48
129,48
130,48
131,48
132,48
136,48
144,48
148,48
152,48
160,48
0,49
4,49
8,49
9,49
10,49
11,49
12,49
13,49
14,49
15,49
16,49
20,49
24,49
25,49
26,49
27,49
28,49
32,49
36,49
37,49
38,49
39,49
40,49
44,49
48,49
49,49
50,49
51,49
52,49
53,49
54,49
55,49
56,49
57,49
58,49
59,49
60,49
64,49
65,49
66,49
67,49
68,49
69,49
70,49
71,49
72,49
73,49
74,49
75,49
76,49
77,49
78,49
79,49
80,49
84,49
88,49
89,49
90,49
91,49
92,49
93,49
94,49
95,49
96,49
97,49
98,49
99,49
100,49
101,49
102,49
103,49
108,49
112,49
113,49
114,49
115,49
116,49
120,49
121,49
122,49
123,49
124,49
125,49
126,49
127,49
128,49
129,49
130,49
131,49
132,49
136,49
140,49
144,49
148,49
152,49
156,49
160,49
0,50
4,50
8,50
9,50
10,50
11,50
12,50
13,50
14,50
15,50
16,50
20,50
24,50
25,50
26,50
27,50
28,50
36,50
37,50
38,50
39,50
40,50
44,50
48,50
49,50
50,50
51,50
52,50
53,50
54,50
55,50
56,50
57,50
58,50
59,50
60,50
64,50
65,50
66,50
67,50
68,50
69,50
70,50
71,50
72,50
73,50
74,50
75,50
76,50
77,50
78,50
79,50
80,50
84,50
88,50
89,50
90,50
91,50
92,50
93,50
94,50
95,50
96,50
97,50
98,50
99,50
100,50
101,50
102,50
103,50
108,50
112,50
113,50
114,50
115,50
116,50
120,50
121,50
122,50
123,50
124,50
125,50
126,50
127,50
128,50
129,50
130,50
131,50
132,50
140,50
144,50
148,50
156,50
160,50
0,51
4,51
8,51
16,51
20,51
28,51
36,51
40,51
44,51
64,51
68,51
84,51
88,51
96,51
108,51
116,51
124,51
132,51
140,51
144,51
148,51
156,51
160,51
0,52
1,52
2,52
3,52
4,52
8,52
16,52
17,52
18,52
19,52
20,52
21,52
22,52
23,52
24,52
28,52
29,52
30,52
31,52
32,52
33,52
34,52
35,52
36,52
40,52
44,52
45,52
46,52
47,52
48,52
49,52
50,52
51,52
56,52
57,52
58,52
59,52
60,52
61,52
62,52
63,52
64,52
68,52
72,52
73,52
74,52
75,52
76,52
77,52
78,52
79,52
80,52
81,52
82,52
83,52
84,52
88,52
92,52
93,52
94,52
95,52
96,52
100,52
101,52
102,52
103,52
104,52
105,52
106,52
107,52
108,52
109,52
110,52
111,52
116,52
124,52
125,52
126,52
127,52
132,52
136,52
137,52
138,52
139,52
140,52
144,52
145,52
146,52
147,52
148,52
149,52
150,52
151,52
152,52
153,52
154,52
155,52
156,52
160,52
0,53
1,53
2,53
3,53
4,53
8,53
12,53
16,53
17,53
18,53
19,53
20,53
21,53
22,53
23,53
24,53
28,53
29,53
30,53
31,53
32,53
33,53
34,53
35,53
36,53
40,53
44,53
45,53
46,53
47,53
48,53
49,53
50,53
51,53
56,53
57,53
58,53
59,53
60,53
61,53
62,53
63,53
64,53
68,53
72,53
73,53
74,53
75,53
76,53
77,53
78,53
79,53
80,53
81,53
82,53
83,53
84,53
88,53
92,53
93,53
94,53
95,53
96,53
100,53
101,53
102,53
103,53
104,53
105,53
106,53
107,53
108,53
109,53
110,53
111,53
116,53
120,53
124,53
125,53
126,53
127,53
132,53
136,53
137,53
138,53
139,53
140,53
144,53
145,53
146,53
147,53
148,53
149,53
150,53
151,53
152,53
153,53
154,53
155,53
156,53
160,53
0,54
1,54
2,54
3,54
4,54
12,54
16,54
17,54
18,54
19,54
20,54
21,54
22,54
23,54
24,54
28,54
29,54
30,54
31,54
32,54
33,54
34,54
35,54
36,54
40,54
44,54
45,54
46,54
47,54
48,54
49,54
50,54
51,54
56,54
57,54
58,54
59,54
60,54
61,54
62,54
63,54
64,54
68,54
72,54
73,54
74,54
75,54
76,54
77,54
78,54
79,54
80,54
81,54
82,54
83,54
84,54
88,54
92,54
93,54
94,54
95,54
96,54
100,54
101,54
102,54
103,54
104,54
105,54
106,54
107,54
108,54
109,54
110,54
111,54
120,54
124,54
125,54
126,54
127,54
132,54
136,54
137,54
138,54
139,54
140,54
144,54
145,54
146,54
147,54
148,54
149,54
150,54
151,54
152,54
153,54
154,54
155,54
156,54
160,54
4,55
12,55
24,55
36,55
40,55
56,55
64,55
68,55
76,55
88,55
96,55
100,55
120,55
132,55
136,55
144,55
160,55
4,56
8,56
9,56
10,56
11,56
12,56
13,56
14,56
15,56
16,56
17,56
18,56
19,56
24,56
25,56
26,56
27,56
28,56
29,56
30,56
31,56
32,56
36,56
40,56
41,56
42,56
43,56
44,56
45,56
46,56
47,56
48,56
49,56
50,56
51,56
56,56
64,56
68,56
76,56
77,56
78,56
79,56
80,56
81,56
82,56
83,56
84,56
85,56
86,56
87,56
88,56
89,56
90,56
91,56
92,56
96,56
100,56
101,56
102,56
103,56
104,56
105,56
106,56
107,56
108,56
109,56
110,56
111,56
112,56
113,56
114,56
115,56
116,56
117,56
118,56
119,56
120,56
121,56
122,56
123,56
124,56
125,56
126,56
127,56
132,56
136,56
137,56
138,56
139,56
140,56
141,56
142,56
143,56
144,56
148,56
149,56
150,56
151,56
152,56
153,56
154,56
155,56
156,56
157,56
158,56
159,56
160,56
4,57
8,57
9,57
10,57
11,57
12,57
13,57
14,57
15,57
16,57
17,57
18,57
19,57
24,57
25,57
26,57
27,57
28,57
29,57
30,57
31,57
32,57
36,57
40,57
41,57
42,57
43,57
44,57
45,57
46,57
47,57
48,57
49,57
50,57
51,57
56,57
60,57
64,57
68,57
72,57
76,57
77,57
78,57
79,57
80,57
81,57
82,57
83,57
84,57
85,57
86,57
87,57
88,57
89,57
90,57
91,57
92,57
96,57
100,57
101,57
102,57
103,57
104,57
105,57
106,57
107,57
108,57
109,57
110,57
111,57
112,57
113,57
114,57
115,57
116,57
117,57
118,57
119,57
120,57
121,57
122,57
123,57
124,57
125,57
126,57
127,57
132,57
136,57
137,57
138,57
139,57
140,57
141,57
142,57
143,57
144,57
148,57
149,57
150,57
151,57
152,57
153,57
154,57
155,57
156,57
157,57
158,57
159,57
160,57
0,58
8,58
9,58
10,58
11,58
12,58
13,58
14,58
15,58
16,58
17,58
18,58
19,58
24,58
25,58
26,58
27,58
28,58
29,58
30,58
31,58
32,58
36,58
40,58
41,58
42,58
43,58
44,58
45,58
46,58
47,58
48,58
49,58
50,58
51,58
56,58
60,58
72,58
76,58
77,58
78,58
79,58
80,58
81,58
82,58
83,58
84,58
85,58
86,58
87,58
88,58
89,58
90,58
91,58
92,58
100,58
101,58
102,58
103,58
104,58
105,58
106,58
107,58
108,58
109,58
110,58
111,58
112,58
113,58
114,58
115,58
116,58
117,58
118,58
119,58
120,58
121,58
122,58
123,58
124,58
125,58
126,58
127,58
136,58
137,58
138,58
139,58
140,58
141,58
142,58
143,58
144,58
148,58
149,58
150,58
151,58
152,58
153,58
154,58
155,58
156,58
157,58
158,58
159,58
160,58
0,59
8,59
12,59
32,59
36,59
40,59
56,59
60,59
72,59
80,59
88,59
92,59
100,59
124,59
136,59
144,59
160,59
0,60
1,60
2,60
3,60
4,60
5,60
6,60
7,60
8,60
12,60
16,60
17,60
18,60
19,60
20,60
21,60
22,60
23,60
24,60
32,60
36,60
40,60
44,60
45,60
46,60
47,60
48,60
49,60
50,60
51,60
52,60
53,60
54,60
55,60
56,60
60,60
61,60
62,60
63,60
64,60
65,60
66,60
67,60
68,60
69,60
70,60
71,60
72,60
73,60
74,60
75,60
76,60
80,60
88,60
92,60
96,60
97,60
98,60
99,60
100,60
104,60
105,60
106,60
107,60
108,60
109,60
110,60
111,60
112,60
113,60
114,60
115,60
116,60
117,60
118,60
119,60
120,60
124,60
125,60
126,60
127,60
128,60
129,60
130,60
131,60
132,60
133,60
134,60
135,60
136,60
144,60
145,60
146,60
147,60
148,60
149,60
150,60
151,60
152,60
153,60
154,60
155,60
156,60
157,60
158,60
159,60
160,60
0,61
1,61
2,61
3,61
4,61
5,61
6,61
7,61
8,61
12,61
16,61
17,61
18,61
19,61
20,61
21,61
22,61
23,61
24,61
28,61
32,61
36,61
40,61
44,61
45,61
46,61
47,61
48,61
49,61
50,61
51,61
52,61
53,61
54,61
55,61
56,61
60,61
61,61
62,61
63,61
64,61
65,61
66,61
67,61
68,61
69,61
70,61
71,61
72,61
73,61
74,61
75,61
76,61
80,61
84,61
88,61
92,61
96,61
97,61
98,61
99,61
100,61
104,61
105,61
106,61
107,61
108,61
109,61
110,61
111,61
112,61
113,61
114,61
115,61
116,61
117,61
118,61
119,61
120,61
124,61
125,61
126,61
127,61
128,61
129,61
130,61
131,61
132,61
133,61
134,61
135,61
136,61
140,61
144,61
145,61
146,61
147,61
148,61
149,61
150,61
151,61
152,61
153,61
154,61
155,61
156,61
157,61
158,61
159,61
160,61
0,62
1,62
2,62
3,62
4,62
5,62
6,62
7,62
8,62
12,62
16,62
17,62
18,62
19,62
20,62
21,62
22,62
23,62
24,62
28,62
36,62
44,62
45,62
46,62
47,62
48,62
49,62
50,62
51,62
52,62
53,62
54,62
55,62
56,62
60,62
61,62
62,62
63,62
64,62
65,62
66,62
67,62
68,62
69,62
70,62
71,62
72,62
73,62
74,62
75,62
76,62
80,62
84,62
92,62
96,62
97,62
98,62
99,62
100,62
104,62
105,62
106,62
107,62
108,62
109,62
110,62
111,62
112,62
113,62
114,62
115,62
116,62
117,62
118,62
119,62
120,62
124,62
125,62
126,62
127,62
128,62
129,62
130,62
131,62
132,62
133,62
134,62
135,62
136,62
140,62
144,62
145,62
146,62
147,62
148,62
149,62
150,62
151,62
152,62
153,62
154,62
155,62
156,62
157,62
158,62
159,62
160,62
0,63
12,63
16,63
28,63
36,63
44,63
56,63
76,63
80,63
84,63
92,63
100,63
108,63
120,63
124,63
132,63
140,63
160,63
0,64
1,64
2,64
3,64
4,64
5,64
6,64
7,64
12,64
16,64
20,64
21,64
22,64
23,64
24,64
25,64
26,64
27,64
28,64
32,64
33,64
34,64
35,64
36,64
37,64
38,64
39,64
40,64
41,64
42,64
43,64
44,64
45,64
46,64
47,64
48,64
56,64
60,64
61,64
62,64
63,64
64,64
65,64
66,64
67,64
68,64
69,64
70,64
71,64
72,64
76,64
80,64
81,64
82,64
83,64
84,64
88,64
89,64
90,64
91,64
92,64
96,64
97,64
98,64
99,64
100,64
101,64
102,64
103,64
108,64
112,64
113,64
114,64
115,64
116,64
120,64
124,64
132,64
136,64
137,64
138,64
139,64
140,64
141,64
142,64
143,64
144,64
145,64
146,64
147,64
148,64
149,64
150,64
151,64
152,64
153,64
154,64
155,64
156,64
160,64
0,65
1,65
2,65
3,65
4,65
5,65
6,65
7,65
12,65
16,65
20,65
21,65
22,65
23,65
24,65
25,65
26,65
27,65
28,65
32,65
33,65
34,65
35,65
36,65
37,65
38,65
39,65
40,65
41,65
42,65
43,65
44,65
45,65
46,65
47,65
48,65
52,65
56,65
60,65
61,65
62,65
63,65
64,65
65,65
66,65
67,65
68,65
69,65
70,65
71,65
72,65
76,65
80,65
81,65
82,65
83,65
84,65
88,65
89,65
90,65
91,65
92,65
96,65
97,65
98,65
99,65
100,65
101,65
102,65
103,65
108,65
112,65
113,65
114,65
115,65
116,65
120,65
124,65
128,65
132,65
136,65
137,65
138,65
139,65
140,65
141,65
142,65
143,65
144,65
145,65
146,65
147,65
148,65
149,65
150,65
151,65
152,65
153,65
154,65
155,65
156,65
160,65
0,66
1,66
2,66
3,66
4,66
5,66
6,66
7,66
12,66
16,66
20,66
21,66
22,66
23,66
24,66
25,66
26,66
27,66
28,66
32,66
33,66
34,66
35,66
36,66
37,66
38,66
39,66
40,66
41,66
42,66
43,66
44,66
45,66
46,66
47,66
48,66
52,66
56,66
60,66
61,66
62,66
63,66
64,66
65,66
66,66
67,66
68,66
69,66
70,66
71,66
72,66
76,66
80,66
81,66
82,66
83,66
84,66
88,66
89,66
90,66
91,66
92,66
96,66
97,66
98,66
99,66
100,66
101,66
102,66
103,66
108,66
112,66
113,66
114,66
115,66
116,66
120,66
128,66
136,66
137,66
138,66
139,66
140,66
141,66
142,66
143,66
144,66
145,66
146,66
147,66
148,66
149,66
150,66
151,66
152,66
153,66
154,66
155,66
156,66
160,66
0,67
12,67
16,67
20,67
28,67
32,67
48,67
52,67
56,67
64,67
72,67
76,67
84,67
96,67
108,67
116,67
120,67
128,67
136,67
148,67
156,67
160,67
0,68
4,68
5,68
6,68
7,68
8,68
9,68
10,68
11,68
12,68
16,68
20,68
28,68
32,68
36,68
37,68
38,68
39,68
40,68
41,68
42,68
43,68
44,68
48,68
52,68
56,68
57,68
58,68
59,68
60,68
64,68
72,68
73,68
74,68
75,68
76,68
77,68
78,68
79,68
80,68
84,68
85,68
86,68
87,68
88,68
89,68
90,68
91,68
92,68
96,68
100,68
101,68
102,68
103,68
104,68
105,68
106,68
107,68
108,68
109,68
110,68
111,68
112,68
113,68
114,68
115,68
116,68
120,68
121,68
122,68
123,68
124,68
125,68
126,68
127,68
128,68
132,68
133,68
134,68
135,68
136,68
148,68
156,68
160,68
0,69
4,69
5,69
6,69
7,69
8,69
9,69
10,69
11,69
12,69
16,69
20,69
24,69
28,69
32,69
36,69
37,69
38,69
39,69
40,69
41,69
42,69
43,69
44,69
48,69
52,69
56,69
57,69
58,69
59,69
60,69
64,69
68,69
72,69
73,69
74,69
75,69
76,69
77,69
78,69
79,69
80,69
84,69
85,69
86,69
87,69
88,69
89,69
90,69
91,69
92,69
96,69
100,69
101,69
102,69
103,69
104,69
105,69
106,69
107,69
108,69
109,69
110,69
111,69
112,69
113,69
114,69
115,69
116,69
120,69
121,69
122,69
123,69
124,69
125,69
126,69
127,69
128,69
132,69
133,69
134,69
135,69
136,69
140,69
144,69
148,69
152,69
156,69
160,69
0,70
4,70
5,70
6,70
7,70
8,70
9,70
10,70
11,70
12,70
20,70
24,70
28,70
36,70
37,70
38,70
39,70
40,70
41,70
42,70
43,70
44,70
48,70
52,70
56,70
57,70
58,70
59,70
60,70
64,70
68,70
72,70
73,70
74,70
75,70
76,70
77,70
78,70
79,70
80,70
84,70
85,70
86,70
87,70
88,70
89,70
90,70
91,70
92,70
100,70
101,70
102,70
103,70
104,70
105,70
106,70
107,70
108,70
109,70
110,70
111,70
112,70
113,70
114,70
115,70
116,70
120,70
121,70
122,70
123,70
124,70
125,70
126,70
127,70
128,70
132,70
133,70
134,70
135,70
136,70
140,70
144,70
152,70
160,70
0,71
4,71
12,71
20,71
24,71
28,71
36,71
44,71
48,71
52,71
60,71
64,71
68,71
84,71
92,71
100,71
108,71
116,71
120,71
128,71
136,71
140,71
144,71
152,71
160,71
0,72
4,72
12,72
13,72
14,72
15,72
16,72
17,72
18,72
19,72
20,72
24,72
28,72
29,72
30,72
31,72
32,72
33,72
34,72
35,72
36,72
44,72
48,72
52,72
53,72
54,72
55,72
56,72
60,72
64,72
68,72
69,72
70,72
71,72
72,72
73,72
74,72
75,72
76,72
77,72
78,72
79,72
80,72
81,72
82,72
83,72
84,72
92,72
93,72
94,72
95,72
96,72
97,72
98,72
99,72
100,72
108,72
116,72
120,72
128,72
132,72
133,72
134,72
135,72
136,72
140,72
141,72
142,72
143,72
144,72
145,72
146,72
147,72
148,72
149,72
150,72
151,72
152,72
153,72
154,72
155,72
156,72
157,72
158,72
159,72
160,72
0,73
4,73
8,73
12,73
13,73
14,73
15,73
16,73
17,73
18,73
19,73
20,73
24,73
28,73
29,73
30,73
31,73
32,73
33,73
34,73
35,73
36,73
40,73
44,73
48,73
52,73
53,73
54,73
55,73
56,73
60,73
64,73
68,73
69,73
70,73
71,73
72,73
73,73
74,73
75,73
76,73
77,73
78,73
79,73
80,73
81,73
82,73
83,73
84,73
88,73
92,73
93,73
94,73
95,73
96,73
97,73
98,73
99,73
100,73
104,73
108,73
112,73
116,73
120,73
124,73
128,73
132,73
133,73
134,73
135,73
136,73
140,73
141,73
142,73
143,73
144,73
145,73
146,73
147,73
148,73
149,73
150,73
151,73
152,73
153,73
154,73
155,73
156,73
157,73
158,73
159,73
160,73
0,74
8,74
12,74
13,74
14,74
15,74
16,74
17,74
18,74
19,74
20,74
24,74
28,74
29,74
30,74
31,74
32,74
33,74
34,74
35,74
36,74
40,74
48,74
52,74
53,74
54,74
55,74
56,74
60,74
64,74
68,74
69,74
70,74
71,74
72,74
73,74
74,74
75,74
76,74
77,74
78,74
79,74
80,74
81,74
82,74
83,74
84,74
88,74
92,74
93,74
94,74
95,74
96,74
97,74
98,74
99,74
100,74
104,74
108,74
112,74
116,74
124,74
132,74
133,74
134,74
135,74
136,74
140,74
141,74
142,74
143,74
144,74
145,74
146,74
147,74
148,74
149,74
150,74
151,74
152,74
153,74
154,74
155,74
156,74
157,74
158,74
159,74
160,74
0,75
8,75
20,75
24,75
28,75
32,75
40,75
48,75
56,75
60,75
64,75
76,75
88,75
92,75
104,75
108,75
112,75
116,75
124,75
136,75
144,75
160,75
0,76
1,76
2,76
3,76
4,76
5,76
6,76
7,76
8,76
9,76
10,76
11,76
12,76
13,76
14,76
15,76
20,76
24,76
28,76
32,76
36,76
37,76
38,76
39,76
40,76
41,76
42,76
43,76
44,76
45,76
46,76
47,76
48,76
49,76
50,76
51,76
52,76
53,76
54,76
55,76
56,76
60,76
64,76
65,76
66,76
67,76
68,76
69,76
70,76
71,76
72,76
76,76
84,76
85,76
86,76
87,76
88,76
89,76
90,76
91,76
92,76
96,76
97,76
98,76
99,76
100,76
101,76
102,76
103,76
104,76
108,76
109,76
110,76
111,76
112,76
116,76
117,76
118,76
119,76
120,76
121,76
122,76
123,76
124,76
125,76
126,76
127,76
128,76
129,76
130,76
131,76
132,76
136,76
137,76
138,76
139,76
140,76
144,76
152,76
153,76
154,76
155,76
156,76
157,76
158,76
159,76
160,76
0,77
1,77
2,77
3,77
4,77
5,77
6,77
7,77
8,77
9,77
10,77
11,77
12,77
13,77
14,77
15,77
20,77
24,77
28,77
32,77
36,77
37,77
38,77
39,77
40,77
41,77
42,77
43,77
44,77
45,77
46,77
47,77
48,77
49,77
50,77
51,77
52,77
53,77
54,77
55,77
56,77
60,77
64,77
65,77
66,77
67,77
68,77
69,77
70,77
71,77
72,77
76,77
80,77
84,77
85,77
86,77
87,77
88,77
89,77
90,77
91,77
92,77
96,77
97,77
98,77
99,77
100,77
101,77
102,77
103,77
104,77
108,77
109,77
110,77
111,77
112,77
116,77
117,77
118,77
119,77
120,77
121,77
122,77
123,77
124,77
125,77
126,77
127,77
128,77
129,77
130,77
131,77
132,77
136,77
137,77
138,77
139,77
140,77
144,77
148,77
152,77
153,77
154,77
155,77
156,77
157,77
158,77
159,77
160,77
0,78
1,78
2,78
3,78
4,78
5,78
6,78
7,78
8,78
9,78
10,78
11,78
12,78
13,78
14,78
15,78
20,78
24,78
32,78
36,78
37,78
38,78
39,78
40,78
41,78
42,78
43,78
44,78
45,78
46,78
47,78
48,78
49,78
50,78
51,78
52,78
53,78
54,78
55,78
56,78
60,78
64,78
65,78
66,78
67,78
68,78
69,78
70,78
71,78
72,78
76,78
80,78
84,78
85,78
86,78
87,78
88,78
89,78
90,78
91,78
92,78
96,78
97,78
98,78
99,78
100,78
101,78
102,78
103,78
104,78
108,78
109,78
110,78
111,78
112,78
116,78
117,78
118,78
119,78
120,78
121,78
122,78
123,78
124,78
125,78
126,78
127,78
128,78
129,78
130,78
131,78
132,78
136,78
137,78
138,78
139,78
140,78
144,78
148,78
152,78
153,78
154,78
155,78
156,78
157,78
158,78
159,78
160,78
0,79
12,79
20,79
24,79
32,79
36,79
40,79
48,79
56,79
60,79
64,79
72,79
80,79
92,79
100,79
116,79
128,79
132,79
140,79
144,79
148,79
160,79
0,80
12,80
16,80
17,80
18,80
19,80
20,80
24,80
25,80
26,80
27,80
28,80
29,80
30,80
31,80
32,80
36,80
40,80
44,80
45,80
46,80
47,80
48,80
56,80
60,80
64,80
72,80
73,80
74,80
75,80
76,80
77,80
78,80
79,80
80,80
92,80
96,80
97,80
98,80
99,80
100,80
104,80
105,80
106,80
107,80
108,80
109,80
110,80
111,80
112,80
113,80
114,80
115,80
116,80
120,80
121,80
122,80
123,80
124,80
128,80
132,80
133,80
134,80
135,80
136,80
140,80
141,80
142,80
143,80
144,80
148,80
152,80
153,80
154,80
155,80
160,80
0,81
4,81
8,81
12,81
16,81
17,81
18,81
19,81
20,81
24,81
25,81
26,81
27,81
28,81
29,81
30,81
31,81
32,81
36,81
40,81
44,81
45,81
46,81
47,81
48,81
52,81
56,81
60,81
64,81
68,81
72,81
73,81
74,81
75,81
76,81
77,81
78,81
79,81
80,81
84,81
88,81
92,81
96,81
97,81
98,81
99,81
100,81
104,81
105,81
106,81
107,81
108,81
109,81
110,81
111,81
112,81
113,81
114,81
115,81
116,81
120,81
121,81
122,81
123,81
124,81
128,81
132,81
133,81
134,81
135,81
136,81
140,81
141,81
142,81
143,81
144,81
148,81
152,81
153,81
154,81
155,81
160,81
0,82
4,82
8,82
16,82
17,82
18,82
19,82
20,82
24,82
25,82
26,82
27,82
28,82
29,82
30,82
31,82
32,82
36,82
44,82
45,82
46,82
47,82
48,82
52,82
56,82
60,82
68,82
72,82
73,82
74,82
75,82
76,82
77,82
78,82
79,82
80,82
84,82
88,82
92,82
96,82
97,82
98,82
99,82
100,82
104,82
105,82
106,82
107,82
108,82
109,82
110,82
111,82
112,82
113,82
114,82
115,82
116,82
120,82
121,82
122,82
123,82
124,82
128,82
132,82
133,82
134,82
135,82
136,82
140,82
141,82
142,82
143,82
144,82
148,82
152,82
153,82
154,82
155,82
160,82
0,83
4,83
8,83
16,83
24,83
36,83
44,83
52,83
56,83
60,83
68,83
80,83
84,83
88,83
92,83
100,83
124,83
128,83
136,83
144,83
148,83
152,83
160,83
0,84
4,84
8,84
9,84
10,84
11,84
12,84
13,84
14,84
15,84
16,84
20,84
21,84
22,84
23,84
24,84
28,84
29,84
30,84
31,84
32,84
36,84
37,84
38,84
39,84
40,84
44,84
48,84
49,84
50,84
51,84
52,84
56,84
60,84
61,84
62,84
63,84
64,84
65,84
66,84
67,84
68,84
69,84
70,84
71,84
72,84
73,84
74,84
75,84
80,84
84,84
85,84
86,84
87,84
88,84
92,84
93,84
94,84
95,84
96,84
100,84
101,84
102,84
103,84
104,84
105,84
106,84
107,84
108,84
109,84
110,84
111,84
112,84
113,84
114,84
115,84
116,84
117,84
118,84
119,84
120,84
124,84
128,84
132,84
133,84
134,84
135,84
136,84
137,84
138,84
139,84
140,84
144,84
148,84
152,84
156,84
157,84
158,84
159,84
160,84
0,85
4,85
8,85
9,85
10,85
11,85
12,85
13,85
14,85
15,85
16,85
20,85
21,85
22,85
23,85
24,85
28,85
29,85
30,85
31,85
32,85
36,85
37,85
38,85
39,85
40,85
44,85
48,85
49,85
50,85
51,85
52,85
56,85
60,85
61,85
62,85
63,85
64,85
65,85
66,85
67,85
68,85
69,85
70,85
71,85
72,85
73,85
74,85
75,85
80,85
84,85
85,85
86,85
87,85
88,85
92,85
93,85
94,85
95,85
96,85
100,85
101,85
102,85
103,85
104,85
105,85
106,85
107,85
108,85
109,85
110,85
111,85
112,85
113,85
114,85
115,85
116,85
117,85
118,85
119,85
120,85
124,85
128,85
132,85
133,85
134,85
135,85
136,85
137,85
138,85
139,85
140,85
144,85
148,85
152,85
156,85
157,85
158,85
159,85
160,85
0,86
4,86
8,86
9,86
10,86
11,86
12,86
13,86
14,86
15,86
16,86
20,86
21,86
22,86
23,86
24,86
28,86
29,86
30,86
31,86
32,86
36,86
37,86
38,86
39,86
40,86
48,86
49,86
50,86
51,86
52,86
60,86
61,86
62,86
63,86
64,86
65,86
66,86
67,86
68,86
69,86
70,86
71,86
72,86
73,86
74,86
75,86
80,86
84,86
85,86
86,86
87,86
88,86
92,86
93,86
94,86
95,86
96,86
100,86
101,86
102,86
103,86
104,86
105,86
106,86
107,86
108,86
109,86
110,86
111,86
112,86
113,86
114,86
115,86
116,86
117,86
118,86
119,86
120,86
124,86
128,86
132,86
133,86
134,86
135,86
136,86
137,86
138,86
139,86
140,86
148,86
152,86
156,86
157,86
158,86
159,86
160,86
0,87
4,87
8,87
16,87
24,87
32,87
36,87
40,87
52,87
64,87
72,87
80,87
88,87
96,87
100,87
112,87
120,87
124,87
128,87
140,87
148,87
152,87
160,87
0,88
4,88
8,88
16,88
24,88
32,88
36,88
40,88
41,88
42,88
43,88
44,88
45,88
46,88
47,88
48,88
52,88
56,88
57,88
58,88
59,88
60,88
61,88
62,88
63,88
64,88
68,88
69,88
70,88
71,88
72,88
76,88
77,88
78,88
79,88
80,88
81,88
82,88
83,88
88,88
89,88
90,88
91,88
92,88
93,88
94,88
95,88
96,88
100,88
104,88
105,88
106,88
107,88
112,88
120,88
124,88
125,88
126,88
127,88
128,88
129,88
130,88
131,88
132,88
133,88
134,88
135,88
136,88
140,88
141,88
142,88
143,88
144,88
145,88
146,88
147,88
148,88
149,88
150,88
151,88
152,88
160,88
0,89
4,89
8,89
12,89
16,89
20,89
24,89
28,89
32,89
36,89
40,89
41,89
42,89
43,89
44,89
45,89
46,89
47,89
48,89
52,89
56,89
57,89
58,89
59,89
60,89
61,89
62,89
63,89
64,89
68,89
69,89
70,89
71,89
72,89
76,89
77,89
78,89
79,89
80,89
81,89
82,89
83,89
88,89
89,89
90,89
91,89
92,89
93,89
94,89
95,89
96,89
100,89
104,89
105,89
106,89
107,89
112,89
116,89
120,89
124,89
125,89
126,89
127,89
128,89
129,89
130,89
131,89
132,89
133,89
134,89
135,89
136,89
140,89
141,89
142,89
143,89
144,89
145,89
146,89
147,89
148,89
149,89
150,89
151,89
152,89
156,89
160,89
0,90
4,90
12,90
16,90
20,90
28,90
32,90
36,90
40,90
41,90
42,90
43,90
44,90
45,90
46,90
47,90
48,90
52,90
56,90
57,90
58,90
59,90
60,90
61,90
62,90
63,90
64,90
68,90
69,90
70,90
71,90
72,90
76,90
77,90
78,90
79,90
80,90
81,90
82,90
83,90
88,90
89,90
90,90
91,90
92,90
93,90
94,90
95,90
96,90
100,90
104,90
105,90
106,90
107,90
116,90
120,90
124,90
125,90
126,90
127,90
128,90
129,90
130,90
131,90
132,90
133,90
134,90
135,90
136,90
140,90
141,90
142,90
143,90
144,90
145,90
146,90
147,90
148,90
149,90
150,90
151,90
152,90
156,90
160,90
0,91
4,91
12,91
16,91
20,91
28,91
32,91
36,91
48,91
52,91
64,91
76,91
88,91
96,91
100,91
104,91
116,91
120,91
132,91
136,91
156,91
160,91
0,92
4,92
5,92
6,92
7,92
8,92
9,92
10,92
11,92
12,92
16,92
20,92
21,92
22,92
23,92
24,92
25,92
26,92
27,92
28,92
29,92
30,92
31,92
32,92
36,92
48,92
52,92
53,92
54,92
55,92
56,92
57,92
58,92
59,92
60,92
64,92
65,92
66,92
67,92
68,92
69,92
70,92
71,92
72,92
73,92
74,92
75,92
76,92
80,92
81,92
82,92
83,92
84,92
85,92
86,92
87,92
88,92
96,92
100,92
104,92
105,92
106,92
107,92
108,92
109,92
110,92
111,92
112,92
113,92
114,92
115,92
116,92
120,92
124,92
125,92
126,92
127,92
132,92
136,92
140,92
141,92
142,92
143,92
144,92
145,92
146,92
147,92
148,92
149,92
150,92
151,92
152,92
153,92
154,92
155,92
156,92
160,92
0,93
4,93
5,93
6,93
7,93
8,93
9,93
10,93
11,93
12,93
16,93
20,93
21,93
22,93
23,93
24,93
25,93
26,93
27,93
28,93
29,93
30,93
31,93
32,93
36,93
40,93
44,93
48,93
52,93
53,93
54,93
55,93
56,93
57,93
58,93
59,93
60,93
64,93
65,93
66,93
67,93
68,93
69,93
70,93
71,93
72,93
73,93
74,93
75,93
76,93
80,93
81,93
82,93
83,93
84,93
85,93
86,93
87,93
88,93
92,93
96,93
100,93
104,93
105,93
106,93
107,93
108,93
109,93
110,93
111,93
112,93
113,93
114,93
115,93
116,93
120,93
124,93
125,93
126,93
127,93
132,93
136,93
140,93
141,93
142,93
143,93
144,93
145,93
146,93
147,93
148,93
149,93
150,93
151,93
152,93
153,93
154,93
155,93
156,93
160,93
0,94
4,94
5,94
6,94
7,94
8,94
9,94
10,94
11,94
12,94
20,94
21,94
22,94
23,94
24,94
25,94
26,94
27,94
28,94
29,94
30,94
31,94
32,94
40,94
44,94
48,94
52,94
53,94
54,94
55,94
56,94
57,94
58,94
59,94
60,94
64,94
65,94
66,94
67,94
68,94
69,94
70,94
71,94
72,94
73,94
74,94
75,94
76,94
80,94
81,94
82,94
83,94
84,94
85,94
86,94
87,94
88,94
92,94
100,94
104,94
105,94
106,94
107,94
108,94
109,94
110,94
111,94
112,94
113,94
114,94
115,94
116,94
120,94
124,94
125,94
126,94
127,94
132,94
136,94
140,94
141,94
142,94
143,94
144,94
145,94
146,94
147,94
148,94
149,94
150,94
151,94
152,94
153,94
154,94
155,94
156,94
160,94
0,95
12,95
20,95
32,95
40,95
44,95
48,95
52,95
60,95
68,95
92,95
100,95
116,95
120,95
124,95
132,95
136,95
140,95
148,95
156,95
160,95
0,96
1,96
2,96
3,96
12,96
13,96
14,96
15,96
16,96
17,96
18,96
19,96
20,96
24,96
25,96
26,96
27,96
32,96
33,96
34,96
35,96
36,96
37,96
38,96
39,96
40,96
44,96
48,96
52,96
53,96
54,96
55,96
60,96
68,96
72,96
73,96
74,96
75,96
76,96
77,96
78,96
79,96
80,96
81,96
82,96
83,96
84,96
85,96
86,96
87,96
88,96
89,96
90,96
91,96
92,96
93,96
94,96
95,96
96,96
97,96
98,96
99,96
100,96
101,96
102,96
103,96
104,96
105,96
106,96
107,96
108,96
109,96
110,96
111,96
116,96
120,96
121,96
122,96
123,96
124,96
128,96
129,96
130,96
131,96
132,96
136,96
140,96
144,96
145,96
146,96
147,96
148,96
156,96
160,96
0,97
1,97
2,97
3,97
8,97
12,97
13,97
14,97
15,97
16,97
17,97
18,97
19,97
20,97
24,97
25,97
26,97
27,97
32,97
33,97
34,97
35,97
36,97
37,97
38,97
39,97
40,97
44,97
48,97
52,97
53,97
54,97
55,97
60,97
64,97
68,97
72,97
73,97
74,97
75,97
76,97
77,97
78,97
79,97
80,97
81,97
82,97
83,97
84,97
85,97
86,97
87,97
88,97
89,97
90,97
91,97
92,97
93,97
94,97
95,97
96,97
97,97
98,97
99,97
100,97
101,97
102,97
103,97
104,97
105,97
106,97
107,97
108,97
109,97
110,97
111,97
116,97
120,97
121,97
122,97
123,97
124,97
128,97
129,97
130,97
131,97
132,97
136,97
140,97
144,97
145,97
146,97
147,97
148,97
152,97
156,97
160,97
0,98
1,98
2,98
3,98
8,98
12,98
13,98
14,98
15,98
16,98
17,98
18,98
19,98
20,98
24,98
25,98
26,98
27,98
32,98
33,98
34,98
35,98
36,98
37,98
38,98
39,98
40,98
44,98
52,98
53,98
54,98
55,98
60,98
64,98
72,98
73,98
74,98
75,98
76,98
77,98
78,98
79,98
80,98
81,98
82,98
83,98
84,98
85,98
86,98
87,98
88,98
89,98
90,98
91,98
92,98
93,98
94,98
95,98
96,98
97,98
98,98
99,98
100,98
101,98
102,98
103,98
104,98
105,98
106,98
107,98
108,98
109,98
110,98
111,98
116,98
120,98
121,98
122,98
123,98
124,98
128,98
129,98
130,98
131,98
132,98
136,98
140,98
144,98
145,98
146,98
147,98
148,98
152,98
156,98
160,98
0,99
8,99
16,99
24,99
32,99
44,99
52,99
60,99
64,99
72,99
80,99
88,99
96,99
108,99
116,99
120,99
128,99
136,99
140,99
152,99
156,99
160,99
0,100
8,100
9,100
10,100
11,100
12,100
16,100
24,100
28,100
29,100
30,100
31,100
32,100
36,100
37,100
38,100
39,100
40,100
41,100
42,100
43,100
44,100
45,100
46,100
47,100
48,100
52,100
56,100
57,100
58,100
59,100
60,100
64,100
68,100
69,100
70,100
71,100
72,100
73,100
74,100
75,100
80,100
88,100
92,100
93,100
94,100
95,100
96,100
100,100
101,100
102,100
103,100
104,100
105,100
106,100
107,100
108,100
112,100
113,100
114,100
115,100
116,100
120,100
124,100
125,100
126,100
127,100
128,100
136,100
140,100
144,100
145,100
146,100
147,100
148,100
149,100
150,100
151,100
152,100
156,100
160,100
0,101
4,101
8,101
9,101
10,101
11,101
12,101
16,101
20,101
24,101
28,101
29,101
30,101
31,101
32,101
36,101
37,101
38,101
39,101
40,101
41,101
42,101
43,101
44,101
45,101
46,101
47,101
48,101
52,101
56,101
57,101
58,101
59,101
60,101
64,101
68,101
69,101
70,101
71,101
72,101
73,101
74,101
75,101
80,101
84,101
88,101
92,101
93,101
94,101
95,101
96,101
100,101
101,101
102,101
103,101
104,101
105,101
106,101
107,101
108,101
112,101
113,101
114,101
115,101
116,101
120,101
124,101
125,101
126,101
127,101
128,101
132,101
136,101
140,101
144,101
145,101
146,101
147,101
148,101
149,101
150,101
151,101
152,101
156,101
160,101
0,102
4,102
8,102
9,102
10,102
11,102
12,102
16,102
20,102
24,102
28,102
29,102
30,102
31,102
32,102
36,102
37,102
38,102
39,102
40,102
41,102
42,102
43,102
44,102
45,102
46,102
47,102
48,102
52,102
56,102
57,102
58,102
59,102
60,102
64,102
68,102
69,102
70,102
71,102
72,102
73,102
74,102
75,102
80,102
84,102
92,102
93,102
94,102
95,102
96,102
100,102
101,102
102,102
103,102
104,102
105,102
106,102
107,102
108,102
112,102
113,102
114,102
115,102
116,102
124,102
125,102
126,102
127,102
128,102
132,102
136,102
140,102
144,102
145,102
146,102
147,102
148,102
149,102
150,102
151,102
152,102
156,102
160,102
0,103
4,103
12,103
16,103
20,103
24,103
32,103
36,103
48,103
52,103
56,103
64,103
68,103
80,103
84,103
92,103
100,103
108,103
116,103
128,103
132,103
140,103
144,103
156,103
160,103
0,104
4,104
8,104
9,104
10,104
11,104
12,104
16,104
20,104
21,104
22,104
23,104
24,104
25,104
26,104
27,104
28,104
32,104
36,104
37,104
38,104
39,104
40,104
41,104
42,104
43,104
44,104
48,104
49,104
50,104
51,104
52,104
56,104
60,104
61,104
62,104
63,104
64,104
68,104
72,104
73,104
74,104
75,104
76,104
77,104
78,104
79,104
80,104
84,104
85,104
86,104
87,104
88,104
89,104
90,104
91,104
92,104
100,104
108,104
109,104
110,104
111,104
112,104
116,104
117,104
118,104
119,104
120,104
121,104
122,104
123,104
124,104
125,104
126,104
127,104
128,104
132,104
133,104
134,104
135,104
136,104
137,104
138,104
139,104
140,104
144,104
148,104
149,104
150,104
151,104
152,104
153,104
154,104
155,104
156,104
160,104
0,105
4,105
8,105
9,105
10,105
11,105
12,105
16,105
20,105
21,105
22,105
23,105
24,105
25,105
26,105
27,105
28,105
32,105
36,105
37,105
38,105
39,105
40,105
41,105
42,105
43,105
44,105
48,105
49,105
50,105
51,105
52,105
56,105
60,105
61,105
62,105
63,105
64,105
68,105
72,105
73,105
74,105
75,105
76,105
77,105
78,105
79,105
80,105
84,105
85,105
86,105
87,105
88,105
89,105
90,105
91,105
92,105
96,105
100,105
104,105
108,105
109,105
110,105
111,105
112,105
116,105
117,105
118,105
119,105
120,105
121,105
122,105
123,105
124,105
125,105
126,105
127,105
128,105
132,105
133,105
134,105
135,105
136,105
137,105
138,105
139,105
140,105
144,105
148,105
149,105
150,105
151,105
152,105
153,105
154,105
155,105
156,105
160,105
0,106
4,106
8,106
9,106
10,106
11,106
12,106
16,106
20,106
21,106
22,106
23,106
24,106
25,106
26,106
27,106
28,106
32,106
36,106
37,106
38,106
39,106
40,106
41,106
42,106
43,106
44,106
48,106
49,106
50,106
51,106
52,106
56,106
60,106
61,106
62,106
63,106
64,106
72,106
73,106
74,106
75,106
76,106
77,106
78,106
79,106
80,106
84,106
85,106
86,106
87,106
88,106
89,106
90,106
91,106
92,106
96,106
104,106
108,106
109,106
110,106
111,106
112,106
116,106
117,106
118,106
119,106
120,106
121,106
122,106
123,106
124,106
125,106
126,106
127,106
128,106
132,106
133,106
134,106
135,106
136,106
137,106
138,106
139,106
140,106
144,106
148,106
149,106
150,106
151,106
152,106
153,106
154,106
155,106
156,106
160,106
0,107
4,107
12,107
16,107
24,107
28,107
32,107
48,107
56,107
60,107
72,107
84,107
96,107
104,107
112,107
120,107
132,107
144,107
152,107
160,107
0,108
1,108
2,108
3,108
4,108
12,108
16,108
17,108
18,108
19,108
24,108
28,108
32,108
33,108
34,108
35,108
39,108
40,108
41,108
42,108
43,108
44,108
45,108
46,108
47,108
48,108
52,108
53,108
54,108
55,108
56,108
60,108
64,108
65,108
66,108
67,108
68,108
69,108
70,108
71,108
72,108
76,108
77,108
78,108
79,108
80,108
81,108
82,108
83,108
84,108
92,108
93,108
94,108
95,108
96,108
97,108
98,108
99,108
100,108
101,108
102,108
103,108
104,108
105,108
106,108
107,108
108,108
112,108
113,108
114,108
115,108
116,108
120,108
124,108
125,108
126,108
127,108
128,108
129,108
130,108
131,108
132,108
136,108
137,108
138,108
139,108
140,108
141,108
142,108
143,108
144,108
145,108
146,108
147,108
148,108
149,108
150,108
151,108
152,108
156,108
157,108
158,108
159,108
160,108
0,109
1,109
2,109
3,109
4,109
8,109
12,109
16,109
17,109
18,109
19,109
24,109
28,109
32,109
33,109
34,109
35,109
39,109
40,109
41,109
42,109
43,109
44,109
45,109
46,109
47,109
48,109
52,109
53,109
54,109
55,109
56,109
60,109
64,109
65,109
66,109
67,109
68,109
69,109
70,109
71,109
72,109
76,109
77,109
78,109
79,109
80,109
81,109
82,109
83,109
84,109
88,109
92,109
93,109
94,109
95,109
96,109
97,109
98,109
99,109
100,109
101,109
102,109
103,109
104,109
105,109
106,109
107,109
108,109
112,109
113,109
114,109
115,109
116,109
120,109
124,109
125,109
126,109
127,109
128,109
129,109
130,109
131,109
132,109
136,109
137,109
138,109
139,109
140,109
141,109
142,109
143,109
144,109
145,109
146,109
147,109
148,109
149,109
150,109
151,109
152,109
156,109
157,109
158,109
159,109
160,109
0,110
1,110
2,110
3,110
4,110
8,110
12,110
16,110
17,110
18,110
19,110
24,110
28,110
32,110
33,110
34,110
35,110
39,110
40,110
41,110
42,110
43,110
44,110
45,110
46,110
47,110
48,110
52,110
53,110
54,110
55,110
56,110
60,110
64,110
65,110
66,110
67,110
68,110
69,110
70,110
71,110
72,110
76,110
77,110
78,110
79,110
80,110
81,110
82,110
83,110
84,110
88,110
92,110
93,110
94,110
95,110
96,110
97,110
98,110
99,110
100,110
101,110
102,110
103,110
104,110
105,110
106,110
107,110
108,110
112,110
113,110
114,110
115,110
116,110
124,110
125,110
126,110
127,110
128,110
129,110
130,110
131,110
132,110
136,110
137,110
138,110
139,110
140,110
141,110
142,110
143,110
144,110
145,110
146,110
147,110
148,110
149,110
150,110
151,110
152,110
156,110
157,110
158,110
159,110
160,110
0,111
8,111
12,111
24,111
32,111
39,111
48,111
56,111
60,111
68,111
72,111
84,111
88,111
92,111
100,111
108,111
116,111
124,111
132,111
140,111
156,111
160,111
0,112
4,112
5,112
6,112
7,112
8,112
9,112
10,112
11,112
12,112
13,112
14,112
15,112
16,112
17,112
18,112
19,112
20,112
21,112
22,112
23,112
24,112
28,112
29,112
30,112
31,112
32,112
36,112
37,112
38,112
39,112
48,112
56,112
60,112
68,112
72,112
73,112
74,112
75,112
76,112
77,112
78,112
79,112
80,112
84,112
88,112
92,112
100,112
101,112
102,112
103,112
104,112
108,112
109,112
110,112
111,112
112,112
116,112
117,112
118,112
119,112
120,112
121,112
122,112
123,112
124,112
132,112
133,112
134,112
135,112
136,112
140,112
144,112
145,112
146,112
147,112
148,112
152,112
153,112
154,112
155,112
156,112
160,112
0,113
4,113
5,113
6,113
7,113
8,113
9,113
10,113
11,113
12,113
13,113
14,113
15,113
16,113
17,113
18,113
19,113
20,113
21,113
22,113
23,113
24,113
28,113
29,113
30,113
31,113
32,113
36,113
37,113
38,113
39,113
44,113
48,113
52,113
56,113
60,113
64,113
68,113
72,113
73,113
74,113
75,113
76,113
77,113
78,113
79,113
80,113
88,113
92,113
96,113
100,113
101,113
102,113
103,113
104,113
108,113
109,113
110,113
111,113
112,113
116,113
117,113
118,113
119,113
120,113
121,113
122,113
123,113
124,113
128,113
132,113
133,113
134,113
135,113
136,113
140,113
144,113
145,113
146,113
147,113
148,113
152,113
153,113
154,113
155,113
156,113
160,113
0,114
4,114
5,114
6,114
7,114
8,114
9,114
10,114
11,114
12,114
13,114
14,114
15,114
16,114
17,114
18,114
19,114
20,114
21,114
22,114
23,114
24,114
28,114
29,114
30,114
31,114
32,114
36,114
37,114
38,114
39,114
44,114
48,114
52,114
56,114
60,114
64,114
72,114
73,114
74,114
75,114
76,114
77,114
78,114
79,114
80,114
88,114
96,114
100,114
101,114
102,114
103,114
104,114
108,114
109,114
110,114
111,114
112,114
116,114
117,114
118,114
119,114
120,114
121,114
122,114
123,114
124,114
128,114
132,114
133,114
134,114
135,114
136,114
140,114
144,114
145,114
146,114
147,114
148,114
152,114
153,114
154,114
155,114
156,114
160,114
0,115
8,115
20,115
24,115
32,115
44,115
48,115
52,115
56,115
60,115
64,115
80,115
88,115
96,115
112,115
116,115
128,115
140,115
144,115
148,115
160,115
0,116
4,116
5,116
6,116
7,116
8,116
12,116
13,116
14,116
15,116
20,116
24,116
25,116
26,116
27,116
28,116
32,116
33,116
34,116
35,116
36,116
37,116
38,116
39,116
40,116
41,116
42,116
43,116
44,116
48,116
52,116
53,116
54,116
55,116
56,116
60,116
61,116
62,116
63,116
64,116
65,116
66,116
67,116
68,116
69,116
70,116
71,116
72,116
73,116
74,116
75,116
80,116
81,116
82,116
83,116
84,116
85,116
86,116
87,116
88,116
89,116
90,116
91,116
92,116
93,116
94,116
95,116
96,116
97,116
98,116
99,116
100,116
101,116
102,116
103,116
104,116
105,116
106,116
107,116
108,116
112,116
116,116
120,116
121,116
122,116
123,116
124,116
125,116
126,116
127,116
128,116
129,116
130,116
131,116
132,116
136,116
137,116
138,116
139,116
140,116
144,116
148,116
152,116
153,116
154,116
155,116
156,116
157,116
158,116
159,116
160,116
0,117
4,117
5,117
6,117
7,117
8,117
12,117
13,117
14,117
15,117
20,117
24,117
25,117
26,117
27,117
28,117
32,117
33,117
34,117
35,117
36,117
37,117
38,117
39,117
40,117
41,117
42,117
43,117
44,117
48,117
52,117
53,117
54,117
55,117
56,117
60,117
61,117
62,117
63,117
64,117
65,117
66,117
67,117
68,117
69,117
70,117
71,117
72,117
73,117
74,117
75,117
80,117
81,117
82,117
83,117
84,117
85,117
86,117
87,117
88,117
89,117
90,117
91,117
92,117
93,117
94,117
95,117
96,117
97,117
98,117
99,117
100,117
101,117
102,117
103,117
104,117
105,117
106,117
107,117
108,117
112,117
116,117
120,117
121,117
122,117
123,117
124,117
125,117
126,117
127,117
128,117
129,117
130,117
131,117
132,117
136,117
137,117
138,117
139,117
140,117
144,117
148,117
152,117
153,117
154,117
155,117
156,117
157,117
158,117
159,117
160,117
0,118
4,118
5,118
6,118
7,118
8,118
12,118
13,118
14,118
15,118
20,118
24,118
25,118
26,118
27,118
28,118
32,118
33,118
34,118
35,118
36,118
37,118
38,118
39,118
40,118
41,118
42,118
43,118
44,118
48,118
52,118
53,118
54,118
55,118
56,118
60,118
61,118
62,118
63,118
64,118
65,118
66,118
67,118
68,118
69,118
70,118
71,118
72,118
73,118
74,118
75,118
80,118
81,118
82,118
83,118
84,118
85,118
86,118
87,118
88,118
89,118
90,118
91,118
92,118
93,118
94,118
95,118
96,118
97,118
98,118
99,118
100,118
101,118
102,118
103,118
104,118
105,118
106,118
107,118
108,118
112,118
120,118
121,118
122,118
123,118
124,118
125,118
126,118
127,118
128,118
129,118
130,118
131,118
132,118
136,118
137,118
138,118
139,118
140,118
144,118
148,118
152,118
153,118
154,118
155,118
156,118
157,118
158,118
159,118
160,118
0,119
4,119
12,119
20,119
28,119
36,119
40,119
48,119
60,119
72,119
80,119
88,119
96,119
104,119
112,119
120,119
132,119
140,119
144,119
160,119
0,120
4,120
8,120
9,120
10,120
11,120
12,120
13,120
14,120
15,120
20,120
21,120
22,120
23,120
24,120
28,120
29,120
30,120
31,120
32,120
36,120
40,120
44,120
45,120
46,120
47,120
48,120
49,120
50,120
51,120
52,120
53,120
54,120
55,120
56,120
57,120
58,120
59,120
60,120
64,120
65,120
66,120
67,120
72,120
76,120
77,120
78,120
79,120
80,120
81,120
82,120
83,120
84,120
88,120
89,120
90,120
91,120
92,120
96,120
104,120
108,120
109,120
110,120
111,120
112,120
113,120
114,120
115,120
116,120
117,120
118,120
119,120
120,120
128,120
129,120
130,120
131,120
132,120
133,120
134,120
135,120
136,120
140,120
144,120
145,120
146,120
147,120
148,120
149,120
150,120
151,120
152,120
153,120
154,120
155,120
156,120
160,120
0,121
4,121
8,121
9,121
10,121
11,121
12,121
13,121
14,121
15,121
20,121
21,121
22,121
23,121
24,121
28,121
29,121
30,121
31,121
32,121
36,121
40,121
44,121
45,121
46,121
47,121
48,121
49,121
50,121
51,121
52,121
53,121
54,121
55,121
56,121
57,121
58,121
59,121
60,121
64,121
65,121
66,121
67,121
72,121
76,121
77,121
78,121
79,121
80,121
81,121
82,121
83,121
84,121
88,121
89,121
90,121
91,121
92,121
96,121
100,121
104,121
108,121
109,121
110,121
111,121
112,121
113,121
114,121
115,121
116,121
117,121
118,121
119,121
120,121
124,121
128,121
129,121
130,121
131,121
132,121
133,121
134,121
135,121
136,121
140,121
144,121
145,121
146,121
147,121
148,121
149,121
150,121
151,121
152,121
153,121
154,121
155,121
156,121
160,121
0,122
4,122
8,122
9,122
10,122
11,122
12,122
13,122
14,122
15,122
20,122
21,122
22,122
23,122
24,122
28,122
29,122
30,122
31,122
32,122
40,122
44,122
45,122
46,122
47,122
48,122
49,122
50,122
51,122
52,122
53,122
54,122
55,122
56,122
57,122
58,122
59,122
60,122
64,122
65,122
66,122
67,122
76,122
77,122
78,122
79,122
80,122
81,122
82,122
83,122
84,122
88,122
89,122
90,122
91,122
92,122
100,122
108,122
109,122
110,122
111,122
112,122
113,122
114,122
115,122
116,122
117,122
118,122
119,122
120,122
124,122
128,122
129,122
130,122
131,122
132,122
133,122
134,122
135,122
136,122
140,122
144,122
145,122
146,122
147,122
148,122
149,122
150,122
151,122
152,122
153,122
154,122
155,122
156,122
160,122
0,123
8,123
12,123
20,123
24,123
32,123
40,123
44,123
60,123
64,123
76,123
84,123
92,123
100,123
112,123
116,123
124,123
136,123
140,123
148,123
156,123
160,123
0,124
8,124
12,124
16,124
17,124
18,124
19,124
20,124
24,124
25,124
26,124
27,124
32,124
33,124
34,124
35,124
36,124
40,124
44,124
48,124
49,124
50,124
51,124
52,124
53,124
54,124
55,124
56,124
57,124
58,124
59,124
60,124
64,124
65,124
66,124
67,124
68,124
69,124
70,124
71,124
72,124
73,124
74,124
75,124
76,124
84,124
85,124
86,124
87,124
92,124
96,124
97,124
98,124
99,124
100,124
101,124
102,124
103,124
104,124
105,124
106,124
107,124
108,124
112,124
116,124
120,124
121,124
122,124
123,124
124,124
125,124
126,124
127,124
128,124
129,124
130,124
131,124
132,124
136,124
140,124
148,124
156,124
160,124
0,125
4,125
8,125
12,125
16,125
17,125
18,125
19,125
20,125
24,125
25,125
26,125
27,125
32,125
33,125
34,125
35,125
36,125
40,125
44,125
48,125
49,125
50,125
51,125
52,125
53,125
54,125
55,125
56,125
57,125
58,125
59,125
60,125
64,125
65,125
66,125
67,125
68,125
69,125
70,125
71,125
72,125
73,125
74,125
75,125
76,125
80,125
84,125
85,125
86,125
87,125
92,125
96,125
97,125
98,125
99,125
100,125
101,125
102,125
103,125
104,125
105,125
106,125
107,125
108,125
112,125
116,125
120,125
121,125
122,125
123,125
124,125
125,125
126,125
127,125
128,125
129,125
130,125
131,125
132,125
136,125
140,125
144,125
148,125
152,125
156,125
160,125
0,126
4,126
12,126
16,126
17,126
18,126
19,126
20,126
24,126
25,126
26,126
27,126
32,126
33,126
34,126
35,126
36,126
40,126
48,126
49,126
50,126
51,126
52,126
53,126
54,126
55,126
56,126
57,126
58,126
59,126
60,126
64,126
65,126
66,126
67,126
68,126
69,126
70,126
71,126
72,126
73,126
74,126
75,126
76,126
80,126
84,126
85,126
86,126
87,126
92,126
96,126
97,126
98,126
99,126
100,126
101,126
102,126
103,126
104,126
105,126
106,126
107,126
108,126
116,126
120,126
121,126
122,126
123,126
124,126
125,126
126,126
127,126
128,126
129,126
130,126
131,126
132,126
136,126
144,126
148,126
152,126
156,126
160,126
0,127
4,127
12,127
16,127
24,127
36,127
40,127
48,127
56,127
64,127
80,127
92,127
96,127
108,127
116,127
120,127
132,127
136,127
144,127
148,127
152,127
156,127
160,127
0,128
4,128
8,128
9,128
10,128
11,128
12,128
16,128
17,128
18,128
19,128
24,128
28,128
29,128
30,128
31,128
32,128
33,128
34,128
35,128
36,128
40,128
44,128
45,128
46,128
47,128
48,128
56,128
60,128
61,128
62,128
63,128
64,128
72,128
73,128
74,128
75,128
76,128
77,128
78,128
79,128
80,128
81,128
82,128
83,128
84,128
85,128
86,128
87,128
88,128
92,128
96,128
100,128
101,128
102,128
103,128
104,128
108,128
112,128
113,128
114,128
115,128
116,128
120,128
124,128
125,128
126,128
127,128
128,128
129,128
130,128
131,128
132,128
136,128
137,128
138,128
139,128
140,128
144,128
145,128
146,128
147,128
148,128
152,128
153,128
154,128
155,128
156,128
160,128
0,129
4,129
8,129
9,129
10,129
11,129
12,129
16,129
17,129
18,129
19,129
24,129
28,129
29,129
30,129
31,129
32,129
33,129
34,129
35,129
36,129
40,129
44,129
45,129
46,129
47,129
48,129
52,129
56,129
60,129
61,129
62,129
63,129
64,129
68,129
72,129
73,129
74,129
75,129
76,129
77,129
78,129
79,129
80,129
81,129
82,129
83,129
84,129
85,129
86,129
87,129
88,129
92,129
96,129
100,129
101,129
102,129
103,129
104,129
108,129
112,129
113,129
114,129
115,129
116,129
120,129
124,129
125,129
126,129
127,129
128,129
129,129
130,129
131,129
132,129
136,129
137,129
138,129
139,129
140,129
144,129
145,129
146,129
147,129
148,129
152,129
153,129
154,129
155,129
156,129
160,129
0,130
4,130
8,130
9,130
10,130
11,130
12,130
16,130
17,130
18,130
19,130
24,130
28,130
29,130
30,130
31,130
32,130
33,130
34,130
35,130
36,130
40,130
44,130
45,130
46,130
47,130
48,130
52,130
56,130
60,130
61,130
62,130
63,130
64,130
68,130
72,130
73,130
74,130
75,130
76,130
77,130
78,130
79,130
80,130
81,130
82,130
83,130
84,130
85,130
86,130
87,130
88,130
92,130
100,130
101,130
102,130
103,130
104,130
108,130
112,130
113,130
114,130
115,130
116,130
120,130
124,130
125,130
126,130
127,130
128,130
129,130
130,130
131,130
132,130
136,130
137,130
138,130
139,130
140,130
144,130
145,130
146,130
147,130
148,130
152,130
153,130
154,130
155,130
156,130
160,130
0,131
4,131
8,131
12,131
24,131
28,131
40,131
48,131
52,131
56,131
60,131
64,131
68,131
76,131
88,131
92,131
100,131
108,131
116,131
120,131
124,131
136,131
144,131
152,131
160,131
0,132
4,132
8,132
12,132
13,132
14,132
15,132
16,132
17,132
18,132
19,132
20,132
21,132
22,132
23,132
24,132
28,132
32,132
33,132
34,132
35,132
36,132
40,132
41,132
42,132
43,132
44,132
45,132
46,132
47,132
48,132
52,132
56,132
60,132
64,132
68,132
69,132
70,132
71,132
72,132
76,132
80,132
81,132
82,132
83,132
88,132
89,132
90,132
91,132
92,132
93,132
94,132
95,132
96,132
97,132
98,132
99,132
100,132
104,132
105,132
106,132
107,132
108,132
109,132
110,132
111,132
116,132
120,132
124,132
128,132
129,132
130,132
131,132
132,132
133,132
134,132
135,132
136,132
140,132
141,132
142,132
143,132
144,132
148,132
149,132
150,132
151,132
152,132
156,132
157,132
158,132
159,132
160,132
0,133
4,133
8,133
12,133
13,133
14,133
15,133
16,133
17,133
18,133
19,133
20,133
21,133
22,133
23,133
24,133
28,133
32,133
33,133
34,133
35,133
36,133
40,133
41,133
42,133
43,133
44,133
45,133
46,133
47,133
48,133
52,133
56,133
60,133
64,133
68,133
69,133
70,133
71,133
72,133
76,133
80,133
81,133
82,133
83,133
88,133
89,133
90,133
91,133
92,133
93,133
94,133
95,133
96,133
97,133
98,133
99,133
100,133
104,133
105,133
106,133
107,133
108,133
109,133
110,133
111,133
116,133
120,133
124,133
128,133
129,133
130,133
131,133
132,133
133,133
134,133
135,133
136,133
140,133
141,133
142,133
143,133
144,133
148,133
149,133
150,133
151,133
152,133
156,133
157,133
158,133
159,133
160,133
0,134
4,134
8,134
12,134
13,134
14,134
15,134
16,134
17,134
18,134
19,134
20,134
21,134
22,134
23,134
24,134
32,134
33,134
34,134
35,134
36,134
40,134
41,134
42,134
43,134
44,134
45,134
46,134
47,134
48,134
52,134
56,134
64,134
68,134
69,134
70,134
71,134
72,134
80,134
81,134
82,134
83,134
88,134
89,134
90,134
91,134
92,134
93,134
94,134
95,134
96,134
97,134
98,134
99,134
100,134
104,134
105,134
106,134
107,134
108,134
109,134
110,134
111,134
116,134
124,134
128,134
129,134
130,134
131,134
132,134
133,134
134,134
135,134
136,134
140,134
141,134
142,134
143,134
144,134
148,134
149,134
150,134
151,134
152,134
156,134
157,134
158,134
159,134
160,134
0,135
4,135
8,135
24,135
32,135
36,135
40,135
52,135
56,135
64,135
68,135
72,135
80,135
92,135
100,135
104,135
116,135
124,135
128,135
132,135
140,135
148,135
152,135
156,135
160,135
0,136
1,136
2,136
3,136
4,136
8,136
9,136
10,136
11,136
12,136
13,136
14,136
15,136
16,136
17,136
18,136
19,136
20,136
24,136
25,136
26,136
27,136
28,136
29,136
30,136
31,136
32,136
36,136
40,136
44,136
45,136
46,136
47,136
48,136
49,136
50,136
51,136
52,136
56,136
60,136
61,136
62,136
63,136
64,136
68,136
72,136
73,136
74,136
75,136
76,136
77,136
78,136
79,136
80,136
84,136
85,136
86,136
87,136
92,136
96,136
97,136
98,136
99,136
100,136
104,136
105,136
106,136
107,136
108,136
109,136
110,136
111,136
112,136
113,136
114,136
115,136
116,136
117,136
118,136
119,136
120,136
121,136
122,136
123,136
124,136
128,136
132,136
140,136
144,136
145,136
146,136
147,136
148,136
152,136
156,136
160,136
0,137
1,137
2,137
3,137
4,137
8,137
9,137
10,137
11,137
12,137
13,137
14,137
15,137
16,137
17,137
18,137
19,137
20,137
24,137
25,137
26,137
27,137
28,137
29,137
30,137
31,137
32,137
36,137
40,137
44,137
45,137
46,137
47,137
48,137
49,137
50,137
51,137
52,137
56,137
60,137
61,137
62,137
63,137
64,137
68,137
72,137
73,137
74,137
75,137
76,137
77,137
78,137
79,137
80,137
84,137
85,137
86,137
87,137
92,137
96,137
97,137
98,137
99,137
100,137
104,137
105,137
106,137
107,137
108,137
109,137
110,137
111,137
112,137
113,137
114,137
115,137
116,137
117,137
118,137
119,137
120,137
121,137
122,137
123,137
124,137
128,137
136,137
140,137
144,137
145,137
146,137
147,137
148,137
152,137
156,137
160,137
0,138
1,138
2,138
3,138
4,138
8,138
9,138
10,138
11,138
12,138
13,138
14,138
15,138
16,138
17,138
18,138
19,138
20,138
24,138
25,138
26,138
27,138
28,138
29,138
30,138
31,138
32,138
40,138
44,138
45,138
46,138
47,138
48,138
49,138
50,138
51,138
52,138
56,138
60,138
61,138
62,138
63,138
64,138
68,138
72,138
73,138
74,138
75,138
76,138
77,138
78,138
79,138
80,138
84,138
85,138
86,138
87,138
92,138
96,138
97,138
98,138
99,138
100,138
104,138
105,138
106,138
107,138
108,138
109,138
110,138
111,138
112,138
113,138
114,138
115,138
116,138
117,138
118,138
119,138
120,138
121,138
122,138
123,138
124,138
128,138
136,138
140,138
144,138
145,138
146,138
147,138
148,138
152,138
156,138
160,138
0,139
8,139
20,139
28,139
32,139
40,139
48,139
56,139
64,139
72,139
80,139
84,139
92,139
96,139
104,139
116,139
120,139
128,139
136,139
140,139
152,139
156,139
160,139
0,140
4,140
5,140
6,140
7,140
8,140
12,140
13,140
14,140
15,140
16,140
20,140
28,140
32,140
36,140
37,140
38,140
39,140
40,140
48,140
49,140
50,140
51,140
52,140
53,140
54,140
55,140
56,140
57,140
58,140
59,140
60,140
64,140
72,140
76,140
77,140
78,140
79,140
80,140
84,140
85,140
86,140
87,140
92,140
96,140
100,140
101,140
102,140
103,140
104,140
108,140
109,140
110,140
111,140
112,140
116,140
120,140
124,140
125,140
126,140
127,140
128,140
129,140
130,140
131,140
132,140
136,140
140,140
141,140
142,140
143,140
144,140
145,140
146,140
147,140
148,140
152,140
156,140
160,140
0,141
4,141
5,141
6,141
7,141
8,141
12,141
13,141
14,141
15,141
16,141
20,141
24,141
28,141
32,141
36,141
37,141
38,141
39,141
40,141
44,141
48,141
49,141
50,141
51,141
52,141
53,141
54,141
55,141
56,141
57,141
58,141
59,141
60,141
64,141
68,141
72,141
76,141
77,141
78,141
79,141
80,141
84,141
85,141
86,141
87,141
92,141
96,141
100,141
101,141
102,141
103,141
104,141
108,141
109,141
110,141
111,141
112,141
116,141
120,141
124,141
125,141
126,141
127,141
128,141
129,141
130,141
131,141
132,141
136,141
140,141
141,141
142,141
143,141
144,141
145,141
146,141
147,141
148,141
152,141
156,141
160,141
0,142
4,142
5,142
6,142
7,142
8,142
12,142
13,142
14,142
15,142
16,142
24,142
32,142
36,142
37,142
38,142
39,142
40,142
44,142
48,142
49,142
50,142
51,142
52,142
53,142
54,142
55,142
56,142
57,142
58,142
59,142
60,142
64,142
68,142
72,142
76,142
77,142
78,142
79,142
80,142
84,142
85,142
86,142
87,142
92,142
100,142
101,142
102,142
103,142
104,142
108,142
109,142
110,142
111,142
112,142
120,142
124,142
125,142
126,142
127,142
128,142
129,142
130,142
131,142
132,142
136,142
140,142
141,142
142,142
143,142
144,142
145,142
146,142
147,142
148,142
0,143
8,143
16,143
24,143
32,143
36,143
40,143
44,143
48,143
60,143
64,143
68,143
76,143
84,143
92,143
100,143
108,143
112,143
120,143
124,143
128,143
136,143
144,143
148,143
0,144
1,144
2,144
3,144
4,144
8,144
9,144
10,144
11,144
16,144
17,144
18,144
19,144
20,144
21,144
22,144
23,144
24,144
25,144
26,144
27,144
28,144
32,144
36,144
40,144
44,144
48,144
56,144
57,144
58,144
59,144
60,144
64,144
65,144
66,144
67,144
68,144
76,144
80,144
81,144
82,144
83,144
84,144
88,144
89,144
90,144
91,144
92,144
96,144
97,144
98,144
99,144
100,144
104,144
105,144
106,144
107,144
108,144
112,144
116,144
117,144
118,144
119,144
120,144
124,144
128,144
132,144
133,144
134,144
135,144
136,144
137,144
138,144
139,144
140,144
144,144
148,144
149,144
150,144
151,144
152,144
153,144
154,144
155,144
156,144
157,144
158,144
159,144
160,144
0,145
1,145
2,145
3,145
4,145
8,145
9,145
10,145
11,145
16,145
17,145
18,145
19,145
20,145
21,145
22,145
23,145
24,145
25,145
26,145
27,145
28,145
32,145
36,145
44,145
48,145
52,145
56,145
57,145
58,145
59,145
60,145
64,145
65,145
66,145
67,145
68,145
72,145
76,145
80,145
81,145
82,145
83,145
84,145
88,145
89,145
90,145
91,145
92,145
96,145
97,145
98,145
99,145
100,145
104,145
105,145
106,145
107,145
108,145
112,145
116,145
117,145
118,145
119,145
120,145
124,145
128,145
132,145
133,145
134,145
135,145
136,145
137,145
138,145
139,145
140,145
144,145
148,145
149,145
150,145
151,145
152,145
153,145
154,145
155,145
156,145
157,145
158,145
159,145
160,145
0,146
1,146
2,146
3,146
4,146
8,146
9,146
10,146
11,146
16,146
17,146
18,146
19,146
20,146
21,146
22,146
23,146
24,146
25,146
26,146
27,146
28,146
32,146
36,146
44,146
48,146
52,146
56,146
57,146
58,146
59,146
60,146
64,146
65,146
66,146
67,146
68,146
72,146
76,146
80,146
81,146
82,146
83,146
84,146
88,146
89,146
90,146
91,146
92,146
96,146
97,146
98,146
99,146
100,146
104,146
105,146
106,146
107,146
108,146
112,146
116,146
117,146
118,146
119,146
120,146
124,146
128,146
132,146
133,146
134,146
135,146
136,146
137,146
138,146
139,146
140,146
148,146
149,146
150,146
151,146
152,146
153,146
154,146
155,146
156,146
157,146
158,146
159,146
160,146
0,147
4,147
8,147
20,147
28,147
32,147
36,147
44,147
48,147
52,147
60,147
64,147
72,147
76,147
84,147
100,147
112,147
124,147
128,147
132,147
140,147
148,147
160,147
0,148
4,148
8,148
12,148
13,148
14,148
15,148
20,148
28,148
32,148
36,148
37,148
38,148
39,148
40,148
41,148
42,148
43,148
44,148
48,148
52,148
53,148
54,148
55,148
56,148
60,148
61,148
62,148
63,148
64,148
68,148
69,148
70,148
71,148
72,148
76,148
77,148
78,148
79,148
80,148
84,148
85,148
86,148
87,148
88,148
92,148
93,148
94,148
95,148
96,148
97,148
98,148
99,148
100,148
104,148
105,148
106,148
107,148
108,148
109,148
110,148
111,148
112,148
113,148
114,148
115,148
116,148
117,148
118,148
119,148
124,148
128,148
132,148
140,148
141,148
142,148
143,148
144,148
148,148
152,148
153,148
154,148
155,148
156,148
157,148
158,148
159,148
160,148
0,149
4,149
8,149
12,149
13,149
14,149
15,149
20,149
24,149
28,149
32,149
36,149
37,149
38,149
39,149
40,149
41,149
42,149
43,149
44,149
48,149
52,149
53,149
54,149
55,149
56,149
60,149
61,149
62,149
63,149
64,149
68,149
69,149
70,149
71,149
72,149
76,149
77,149
78,149
79,149
80,149
84,149
85,149
86,149
87,149
88,149
92,149
93,149
94,149
95,149
96,149
97,149
98,149
99,149
100,149
104,149
105,149
106,149
107,149
108,149
109,149
110,149
111,149
112,149
113,149
114,149
115,149
116,149
117,149
118,149
119,149
124,149
128,149
132,149
136,149
140,149
141,149
142,149
143,149
144,149
148,149
152,149
153,149
154,149
155,149
156,149
157,149
158,149
159,149
160,149
0,150
8,150
12,150
13,150
14,150
15,150
20,150
24,150
28,150
36,150
37,150
38,150
39,150
40,150
41,150
42,150
43,150
44,150
48,150
52,150
53,150
54,150
55,150
56,150
60,150
61,150
62,150
63,150
64,150
68,150
69,150
70,150
71,150
72,150
76,150
77,150
78,150
79,150
80,150
84,150
85,150
86,150
87,150
88,150
92,150
93,150
94,150
95,150
96,150
97,150
98,150
99,150
100,150
104,150
105,150
106,150
107,150
108,150
109,150
110,150
111,150
112,150
113,150
114,150
115,150
116,150
117,150
118,150
119,150
124,150
132,150
136,150
140,150
141,150
142,150
143,150
144,150
148,150
152,150
153,150
154,150
155,150
156,150
157,150
158,150
159,150
160,150
0,151
8,151
12,151
20,151
24,151
28,151
36,151
48,151
56,151
72,151
80,151
84,151
88,151
96,151
104,151
112,151
124,151
132,151
136,151
140,151
148,151
152,151
160,151
0,152
1,152
2,152
3,152
4,152
5,152
6,152
7,152
8,152
9,152
10,152
11,152
12,152
20,152
24,152
28,152
29,152
30,152
31,152
32,152
33,152
34,152
35,152
36,152
40,152
41,152
42,152
43,152
44,152
45,152
46,152
47,152
48,152
49,152
50,152
51,152
52,152
56,152
57,152
58,152
59,152
60,152
61,152
62,152
63,152
64,152
65,152
66,152
67,152
68,152
69,152
70,152
71,152
72,152
73,152
74,152
75,152
76,152
80,152
84,152
88,152
89,152
90,152
91,152
92,152
96,152
100,152
101,152
102,152
103,152
104,152
105,152
106,152
107,152
112,152
116,152
117,152
118,152
119,152
120,152
121,152
122,152
123,152
124,152
125,152
126,152
127,152
128,152
129,152
130,152
131,152
132,152
136,152
140,152
148,152
152,152
160,152
0,153
1,153
2,153
3,153
4,153
5,153
6,153
7,153
8,153
9,153
10,153
11,153
12,153
16,153
20,153
24,153
28,153
29,153
30,153
31,153
32,153
33,153
34,153
35,153
36,153
40,153
42,153
43,153
44,153
45,153
46,153
47,153
48,153
49,153
50,153
51,153
52,153
56,153
57,153
58,153
59,153
60,153
61,153
62,153
63,153
64,153
65,153
66,153
67,153
68,153
69,153
70,153
71,153
72,153
73,153
74,153
75,153
76,153
80,153
84,153
88,153
89,153
90,153
91,153
92,153
96,153
100,153
101,153
102,153
103,153
104,153
105,153
106,153
107,153
112,153
116,153
117,153
118,153
119,153
120,153
121,153
122,153
123,153
124,153
125,153
126,153
127,153
128,153
129,153
130,153
131,153
132,153
136,153
140,153
144,153
148,153
152,153
156,153
160,153
0,154
1,154
2,154
3,154
4,154
5,154
6,154
7,154
8,154
9,154
10,154
11,154
12,154
16,154
20,154
24,154
28,154
29,154
30,154
31,154
32,154
33,154
34,154
35,154
36,154
40,154
41,154
42,154
43,154
44,154
45,154
46,154
47,154
48,154
49,154
50,154
51,154
52,154
56,154
57,154
58,154
59,154
60,154
61,154
62,154
63,154
64,154
65,154
66,154
67,154
68,154
69,154
70,154
71,154
72,154
73,154
74,154
75,154
76,154
80,154
84,154
88,154
89,154
90,154
91,154
92,154
100,154
101,154
102,154
103,154
104,154
105,154
106,154
107,154
112,154
116,154
117,154
118,154
119,154
120,154
121,154
122,154
123,154
124,154
125,154
126,154
127,154
128,154
129,154
130,154
131,154
132,154
136,154
140,154
144,154
148,154
156,154
160,154
0,155
4,155
16,155
20,155
24,155
36,155
40,155
52,155
56,155
76,155
80,155
84,155
92,155
100,155
104,155
112,155
120,155
128,155
136,155
140,155
144,155
148,155
156,155
160,155
0,156
4,156
8,156
9,156
10,156
11,156
12,156
13,156
14,156
15,156
16,156
17,156
18,156
19,156
20,156
24,156
25,156
26,156
27,156
28,156
29,156
30,156
31,156
36,156
40,156
44,156
45,156
46,156
47,156
48,156
49,156
50,156
51,156
52,156
56,156
60,156
61,156
62,156
63,156
64,156
68,156
69,156
70,156
71,156
72,156
73,156
74,156
75,156
76,156
80,156
84,156
85,156
86,156
87,156
92,156
96,156
97,156
98,156
99,156
100,156
104,156
108,156
109,156
110,156
111,156
112,156
113,156
114,156
115,156
120,156
121,156
122,156
123,156
128,156
132,156
133,156
134,156
135,156
136,156
140,156
144,156
145,156
146,156
147,156
148,156
149,156
150,156
151,156
152,156
153,156
154,156
155,156
156,156
160,156
0,157
4,157
8,157
9,157
10,157
11,157
12,157
13,157
14,157
15,157
16,157
17,157
18,157
19,157
20,157
24,157
25,157
26,157
27,157
28,157
29,157
30,157
31,157
36,157
40,157
44,157
45,157
46,157
47,157
48,157
49,157
50,157
51,157
52,157
56,157
60,157
61,157
62,157
63,157
64,157
68,157
69,157
70,157
71,157
72,157
73,157
74,157
75,157
76,157
80,157
84,157
85,157
86,157
87,157
92,157
96,157
97,157
98,157
99,157
100,157
104,157
108,157
109,157
110,157
111,157
112,157
113,157
114,157
115,157
120,157
121,157
122,157
123,157
128,157
132,157
133,157
134,157
135,157
136,157
140,157
144,157
145,157
146,157
147,157
148,157
149,157
150,157
151,157
152,157
153,157
154,157
155,157
156,157
160,157
0,158
8,158
9,158
10,158
11,158
12,158
13,158
14,158
15,158
16,158
17,158
18,158
19,158
20,158
24,158
25,158
26,158
27,158
28,158
29,158
30,158
31,158
36,158
44,158
45,158
46,158
47,158
48,158
49,158
50,158
51,158
52,158
56,158
60,158
61,158
62,158
63,158
64,158
68,158
69,158
70,158
71,158
72,158
73,158
74,158
75,158
76,158
80,158
84,158
85,158
86,158
87,158
92,158
96,158
97,158
98,158
99,158
100,158
104,158
108,158
109,158
110,158
111,158
112,158
113,158
114,158
115,158
120,158
121,158
122,158
123,158
128,158
132,158
133,158
134,158
135,158
136,158
144,158
145,158
146,158
147,158
148,158
149,158
150,158
151,158
152,158
153,158
154,158
155,158
156,158
160,158
0,159
24,159
36,159
56,159
64,159
80,159
92,159
104,159
128,159
136,159
160,159
0,160
1,160
2,160
3,160
4,160
5,160
6,160
7,160
8,160
9,160
10,160
11,160
12,160
13,160
14,160
15,160
16,160
17,160
18,160
19,160
20,160
21,160
22,160
23,160
24,160
25,160
26,160
27,160
28,160
29,160
30,160
31,160
32,160
33,160
34,160
35,160
36,160
37,160
38,160
39,160
40,160
41,160
42,160
43,160
44,160
45,160
46,160
47,160
48,160
49,160
50,160
51,160
52,160
53,160
54,160
55,160
56,160
57,160
58,160
59,160
60,160
61,160
62,160
63,160
64,160
65,160
66,160
67,160
68,160
69,160
70,160
71,160
72,160
73,160
74,160
75,160
76,160
77,160
78,160
79,160
80,160
81,160
82,160
83,160
84,160
85,160
86,160
87,160
88,160
89,160
90,160
91,160
92,160
93,160
94,160
95,160
96,160
97,160
98,160
99,160
100,160
101,160
102,160
103,160
104,160
105,160
106,160
107,160
108,160
109,160
110,160
111,160
112,160
113,160
114,160
115,160
116,160
117,160
118,160
119,160
120,160
121,160
122,160
123,160
124,160
125,160
126,160
127,160
128,160
129,160
130,160
131,160
132,160
133,160
134,160
135,160
136,160
137,160
138,160
139,160
140,160
141,160
142,160
143,160
144,160
145,160
146,160
147,160
148,160
149,160
150,160
151,160
152,160
153,160
154,160
155,160
156,160
157,160
158,160
159,160
160,160
