0,0
1,0
2,0
3,0
4,0
5,0
6,0
7,0
8,0
24,0
25,0
26,0
47,0
48,0
57,0
58,0
59,0
60,0
61,0
62,0
63,0
64,0
65,0
66,0
67,0
68,0
69,0
70,0
71,0
72,0
73,0
74,0
75,0
76,0
77,0
78,0
79,0
80,0
81,0
82,0
83,0
84,0
85,0
86,0
87,0
88,0
89,0
90,0
91,0
92,0
93,0
94,0
95,0
96,0
97,0
98,0
99,0
100,0
101,0
102,0
103,0
104,0
105,0
106,0
107,0
108,0
109,0
110,0
111,0
116,0
0,1
1,1
2,1
3,1
4,1
5,1
6,1
7,1
8,1
24,1
25,1
26,1
47,1
48,1
57,1
58,1
59,1
60,1
61,1
62,1
63,1
64,1
65,1
66,1
67,1
68,1
69,1
70,1
71,1
72,1
73,1
74,1
75,1
76,1
77,1
78,1
79,1
80,1
81,1
82,1
83,1
84,1
85,1
86,1
87,1
88,1
89,1
90,1
91,1
92,1
93,1
94,1
95,1
96,1
97,1
116,1
0,2
1,2
2,2
3,2
4,2
5,2
6,2
7,2
8,2
26,2
48,2
49,2
50,2
51,2
52,2
57,2
58,2
59,2
60,2
61,2
62,2
63,2
64,2
65,2
66,2
67,2
68,2
69,2
70,2
71,2
72,2
73,2
74,2
75,2
76,2
77,2
78,2
86,2
87,2
88,2
93,2
94,2
95,2
96,2
97,2
116,2
0,3
1,3
2,3
3,3
4,3
5,3
6,3
7,3
8,3
12,3
13,3
14,3
15,3
16,3
26,3
52,3
53,3
62,3
63,3
64,3
65,3
66,3
67,3
93,3
94,3
95,3
116,3
0,4
1,4
2,4
3,4
4,4
5,4
6,4
12,4
13,4
14,4
15,4
16,4
26,4
27,4
28,4
29,4
52,4
53,4
62,4
63,4
64,4
65,4
66,4
67,4
93,4
94,4
95,4
99,4
100,4
101,4
102,4
103,4
104,4
105,4
106,4
107,4
108,4
109,4
110,4
111,4
112,4
113,4
114,4
115,4
116,4
0,5
1,5
2,5
3,5
4,5
5,5
6,5
12,5
13,5
14,5
15,5
16,5
26,5
27,5
28,5
29,5
30,5
31,5
32,5
50,5
51,5
52,5
59,5
60,5
61,5
62,5
63,5
64,5
65,5
66,5
67,5
73,5
74,5
75,5
76,5
77,5
78,5
85,5
86,5
87,5
88,5
89,5
93,5
94,5
95,5
99,5
100,5
0,6
1,6
2,6
3,6
4,6
5,6
6,6
7,6
8,6
9,6
10,6
11,6
12,6
13,6
14,6
15,6
16,6
29,6
30,6
31,6
32,6
33,6
34,6
35,6
50,6
51,6
59,6
60,6
61,6
62,6
63,6
64,6
65,6
66,6
73,6
74,6
75,6
76,6
77,6
78,6
85,6
89,6
93,6
94,6
95,6
99,6
100,6
0,7
1,7
2,7
3,7
4,7
5,7
6,7
7,7
8,7
9,7
10,7
11,7
12,7
13,7
14,7
15,7
16,7
32,7
33,7
34,7
35,7
36,7
37,7
38,7
50,7
51,7
59,7
60,7
61,7
62,7
63,7
64,7
65,7
66,7
73,7
74,7
75,7
76,7
77,7
78,7
79,7
80,7
81,7
82,7
83,7
84,7
85,7
89,7
93,7
94,7
95,7
99,7
100,7
101,7
102,7
0,8
1,8
2,8
3,8
4,8
5,8
6,8
7,8
8,8
9,8
10,8
11,8
12,8
13,8
14,8
15,8
16,8
35,8
36,8
37,8
38,8
39,8
50,8
51,8
59,8
60,8
61,8
62,8
63,8
64,8
65,8
66,8
67,8
68,8
73,8
74,8
75,8
76,8
89,8
99,8
100,8
101,8
102,8
0,9
1,9
2,9
3,9
4,9
5,9
6,9
7,9
8,9
9,9
10,9
11,9
12,9
13,9
14,9
15,9
16,9
39,9
51,9
52,9
53,9
54,9
55,9
60,9
61,9
62,9
63,9
64,9
65,9
66,9
67,9
68,9
76,9
89,9
102,9
0,10
1,10
2,10
3,10
4,10
5,10
6,10
7,10
11,10
12,10
13,10
14,10
15,10
16,10
39,10
51,10
52,10
53,10
54,10
55,10
60,10
61,10
62,10
63,10
64,10
65,10
66,10
67,10
68,10
69,10
76,10
77,10
83,10
89,10
102,10
0,11
1,11
2,11
3,11
39,11
50,11
51,11
52,11
53,11
54,11
55,11
64,11
65,11
66,11
67,11
68,11
69,11
76,11
77,11
83,11
84,11
89,11
90,11
91,11
92,11
93,11
94,11
95,11
96,11
97,11
98,11
99,11
100,11
101,11
102,11
0,12
1,12
2,12
39,12
40,12
41,12
46,12
50,12
51,12
76,12
77,12
83,12
84,12
85,12
0,13
39,13
40,13
41,13
46,13
47,13
50,13
51,13
76,13
77,13
83,13
84,13
85,13
0,14
39,14
40,14
46,14
47,14
48,14
49,14
50,14
51,14
85,14
0,15
48,15
49,15
50,15
51,15
85,15
0,16
48,16
49,16
50,16
64,16
65,16
66,16
67,16
68,16
69,16
85,16
0,17
1,17
2,17
3,17
61,17
62,17
63,17
64,17
65,17
66,17
67,17
68,17
74,17
75,17
76,17
77,17
82,17
83,17
84,17
85,17
0,18
1,18
2,18
3,18
61,18
62,18
63,18
64,18
65,18
66,18
67,18
68,18
74,18
77,18
82,18
0,19
1,19
2,19
3,19
61,19
62,19
63,19
64,19
65,19
66,19
67,19
68,19
74,19
0,20
1,20
2,20
3,20
4,20
5,20
6,20
61,20
62,20
63,20
64,20
65,20
66,20
72,20
73,20
74,20
0,21
1,21
2,21
3,21
4,21
5,21
6,21
61,21
62,21
63,21
64,21
65,21
66,21
72,21
73,21
74,21
0,22
1,22
2,22
3,22
4,22
5,22
6,22
61,22
62,22
63,22
64,22
65,22
66,22
72,22
73,22
74,22
75,22
76,22
77,22
78,22
79,22
80,22
81,22
82,22
83,22
95,22
96,22
97,22
98,22
99,22
0,23
1,23
2,23
3,23
4,23
57,23
58,23
59,23
60,23
61,23
62,23
63,23
64,23
65,23
66,23
72,23
73,23
74,23
75,23
76,23
77,23
78,23
79,23
80,23
81,23
82,23
83,23
84,23
94,23
95,23
96,23
97,23
98,23
99,23
100,23
57,24
58,24
59,24
60,24
61,24
62,24
63,24
64,24
65,24
66,24
72,24
73,24
74,24
75,24
76,24
77,24
78,24
79,24
80,24
81,24
82,24
83,24
84,24
94,24
95,24
96,24
97,24
98,24
99,24
100,24
57,25
58,25
59,25
60,25
61,25
62,25
63,25
64,25
65,25
66,25
84,25
85,25
86,25
92,25
93,25
94,25
100,25
14,26
15,26
16,26
17,26
18,26
19,26
20,26
21,26
22,26
23,26
46,26
47,26
48,26
49,26
50,26
54,26
55,26
56,26
57,26
58,26
59,26
60,26
61,26
62,26
63,26
64,26
65,26
66,26
84,26
85,26
86,26
92,26
93,26
94,26
100,26
101,26
102,26
103,26
104,26
105,26
14,27
15,27
16,27
17,27
18,27
19,27
20,27
21,27
22,27
23,27
46,27
47,27
48,27
49,27
50,27
54,27
55,27
56,27
57,27
58,27
59,27
60,27
61,27
62,27
63,27
64,27
65,27
66,27
67,27
68,27
69,27
70,27
71,27
72,27
73,27
74,27
75,27
76,27
77,27
78,27
84,27
85,27
86,27
92,27
93,27
94,27
100,27
101,27
102,27
103,27
104,27
105,27
106,27
14,28
15,28
16,28
17,28
18,28
19,28
20,28
21,28
22,28
23,28
46,28
47,28
48,28
49,28
50,28
54,28
55,28
56,28
57,28
58,28
59,28
60,28
61,28
62,28
63,28
64,28
65,28
66,28
67,28
68,28
69,28
70,28
71,28
72,28
73,28
74,28
75,28
76,28
77,28
78,28
84,28
85,28
86,28
92,28
93,28
94,28
100,28
101,28
102,28
103,28
104,28
105,28
106,28
14,29
15,29
16,29
17,29
18,29
19,29
20,29
21,29
22,29
23,29
26,29
27,29
28,29
29,29
46,29
47,29
48,29
49,29
50,29
51,29
52,29
53,29
54,29
55,29
56,29
57,29
58,29
59,29
60,29
61,29
62,29
63,29
64,29
65,29
66,29
67,29
68,29
69,29
70,29
71,29
72,29
73,29
74,29
75,29
76,29
77,29
78,29
106,29
14,30
15,30
16,30
17,30
18,30
19,30
26,30
27,30
28,30
29,30
46,30
47,30
48,30
49,30
50,30
51,30
52,30
53,30
54,30
55,30
56,30
57,30
65,30
66,30
67,30
68,30
69,30
70,30
71,30
72,30
73,30
74,30
75,30
76,30
77,30
78,30
79,30
80,30
81,30
82,30
106,30
107,30
108,30
14,31
15,31
16,31
17,31
18,31
19,31
26,31
27,31
28,31
29,31
47,31
48,31
49,31
50,31
51,31
52,31
53,31
54,31
55,31
72,31
73,31
74,31
75,31
76,31
77,31
78,31
79,31
80,31
81,31
82,31
106,31
107,31
108,31
109,31
14,32
15,32
16,32
26,32
27,32
28,32
29,32
47,32
48,32
49,32
50,32
51,32
52,32
53,32
54,32
77,32
78,32
79,32
80,32
81,32
82,32
98,32
99,32
100,32
101,32
102,32
103,32
106,32
107,32
108,32
109,32
6,33
12,33
13,33
14,33
15,33
16,33
26,33
27,33
28,33
29,33
47,33
48,33
49,33
50,33
51,33
52,33
78,33
79,33
80,33
81,33
82,33
90,33
98,33
103,33
109,33
3,34
4,34
5,34
6,34
12,34
13,34
14,34
15,34
16,34
17,34
18,34
19,34
25,34
26,34
27,34
28,34
29,34
46,34
47,34
48,34
49,34
50,34
51,34
52,34
77,34
78,34
79,34
80,34
81,34
82,34
83,34
90,34
103,34
109,34
0,35
1,35
2,35
3,35
4,35
5,35
6,35
12,35
13,35
14,35
15,35
16,35
17,35
18,35
19,35
23,35
24,35
25,35
26,35
27,35
28,35
29,35
90,35
103,35
104,35
105,35
106,35
107,35
108,35
109,35
0,36
1,36
2,36
3,36
4,36
5,36
6,36
12,36
13,36
14,36
15,36
16,36
17,36
18,36
19,36
23,36
24,36
25,36
26,36
27,36
28,36
29,36
30,36
31,36
32,36
33,36
34,36
35,36
36,36
37,36
38,36
39,36
90,36
0,37
1,37
2,37
3,37
4,37
5,37
6,37
12,37
13,37
14,37
15,37
16,37
17,37
18,37
19,37
23,37
24,37
25,37
26,37
27,37
28,37
29,37
30,37
31,37
32,37
33,37
34,37
35,37
36,37
37,37
38,37
39,37
90,37
98,37
0,38
1,38
2,38
3,38
4,38
5,38
6,38
12,38
13,38
14,38
15,38
16,38
17,38
18,38
19,38
20,38
21,38
22,38
23,38
24,38
25,38
26,38
27,38
28,38
29,38
30,38
31,38
32,38
33,38
34,38
35,38
36,38
37,38
38,38
39,38
90,38
98,38
99,38
100,38
101,38
102,38
0,39
1,39
2,39
3,39
4,39
5,39
6,39
12,39
13,39
14,39
15,39
16,39
17,39
18,39
19,39
20,39
21,39
22,39
23,39
24,39
25,39
26,39
30,39
31,39
32,39
33,39
34,39
35,39
36,39
37,39
38,39
39,39
46,39
47,39
48,39
49,39
50,39
51,39
52,39
77,39
78,39
79,39
80,39
81,39
82,39
83,39
90,39
98,39
99,39
100,39
101,39
102,39
103,39
0,40
1,40
2,40
3,40
4,40
5,40
6,40
12,40
13,40
14,40
15,40
16,40
17,40
18,40
19,40
20,40
21,40
22,40
23,40
24,40
25,40
37,40
38,40
39,40
40,40
41,40
42,40
43,40
47,40
48,40
49,40
50,40
51,40
72,40
73,40
74,40
75,40
76,40
77,40
78,40
79,40
80,40
81,40
82,40
90,40
98,40
99,40
100,40
101,40
102,40
103,40
0,41
1,41
2,41
3,41
4,41
21,41
22,41
23,41
24,41
25,41
37,41
38,41
39,41
40,41
41,41
42,41
43,41
47,41
48,41
49,41
50,41
51,41
72,41
73,41
74,41
75,41
76,41
77,41
78,41
79,41
80,41
81,41
82,41
103,41
0,42
1,42
2,42
3,42
37,42
38,42
39,42
40,42
41,42
42,42
43,42
47,42
48,42
49,42
50,42
51,42
72,42
73,42
74,42
75,42
76,42
77,42
78,42
79,42
80,42
81,42
82,42
103,42
104,42
0,43
1,43
2,43
37,43
38,43
39,43
40,43
41,43
42,43
43,43
48,43
49,43
50,43
51,43
72,43
73,43
74,43
75,43
76,43
77,43
78,43
79,43
80,43
81,43
103,43
104,43
105,43
0,44
1,44
2,44
32,44
33,44
34,44
35,44
36,44
37,44
38,44
39,44
40,44
41,44
42,44
43,44
48,44
49,44
50,44
51,44
72,44
73,44
74,44
75,44
103,44
104,44
105,44
0,45
1,45
2,45
32,45
33,45
34,45
35,45
36,45
37,45
38,45
39,45
40,45
41,45
42,45
43,45
48,45
49,45
50,45
51,45
72,45
73,45
74,45
75,45
105,45
0,46
1,46
2,46
32,46
33,46
34,46
35,46
36,46
37,46
38,46
39,46
40,46
41,46
42,46
43,46
44,46
45,46
46,46
47,46
48,46
49,46
50,46
72,46
73,46
74,46
75,46
105,46
0,47
1,47
2,47
3,47
32,47
33,47
34,47
35,47
36,47
37,47
38,47
39,47
40,47
41,47
42,47
43,47
44,47
45,47
46,47
47,47
48,47
49,47
50,47
72,47
73,47
74,47
75,47
76,47
77,47
78,47
79,47
80,47
81,47
82,47
83,47
84,47
101,47
102,47
103,47
104,47
105,47
0,48
1,48
2,48
3,48
30,48
31,48
32,48
33,48
34,48
35,48
36,48
37,48
38,48
39,48
40,48
41,48
42,48
43,48
44,48
45,48
46,48
47,48
48,48
49,48
50,48
72,48
73,48
74,48
75,48
76,48
77,48
78,48
79,48
80,48
81,48
82,48
83,48
84,48
101,48
0,49
1,49
2,49
3,49
30,49
31,49
32,49
33,49
34,49
35,49
36,49
37,49
38,49
39,49
40,49
41,49
42,49
43,49
44,49
45,49
46,49
47,49
48,49
49,49
50,49
72,49
73,49
74,49
75,49
76,49
77,49
78,49
79,49
80,49
81,49
82,49
83,49
84,49
101,49
0,50
1,50
2,50
3,50
30,50
31,50
32,50
33,50
34,50
35,50
36,50
37,50
38,50
39,50
40,50
41,50
42,50
43,50
44,50
45,50
46,50
47,50
48,50
49,50
50,50
79,50
80,50
81,50
82,50
83,50
84,50
85,50
86,50
87,50
88,50
89,50
90,50
101,50
0,51
1,51
2,51
3,51
29,51
30,51
31,51
32,51
33,51
34,51
35,51
36,51
37,51
38,51
39,51
40,51
81,51
82,51
83,51
84,51
85,51
86,51
87,51
88,51
89,51
90,51
101,51
0,52
1,52
83,52
84,52
85,52
86,52
87,52
88,52
89,52
90,52
97,52
98,52
99,52
100,52
101,52
0,53
83,53
84,53
85,53
86,53
87,53
88,53
89,53
90,53
97,53
83,54
84,54
85,54
86,54
87,54
88,54
89,54
90,54
97,54
