8,0
9,0
10,0
11,0
12,0
13,0
14,0
15,0
16,0
17,0
18,0
88,0
89,0
90,0
91,0
96,0
97,0
98,0
99,0
104,0
105,0
106,0
107,0
108,0
109,0
110,0
128,0
129,0
130,0
131,0
132,0
133,0
134,0
135,0
136,0
137,0
138,0
139,0
140,0
141,0
142,0
143,0
144,0
145,0
146,0
147,0
148,0
8,1
9,1
10,1
11,1
12,1
13,1
14,1
15,1
16,1
17,1
18,1
88,1
89,1
90,1
94,1
95,1
96,1
97,1
98,1
104,1
105,1
106,1
107,1
108,1
109,1
110,1
111,1
112,1
113,1
114,1
115,1
116,1
128,1
129,1
130,1
131,1
132,1
133,1
134,1
135,1
136,1
137,1
138,1
139,1
140,1
141,1
142,1
143,1
144,1
145,1
146,1
147,1
148,1
7,2
8,2
9,2
10,2
11,2
12,2
13,2
14,2
15,2
16,2
17,2
18,2
38,2
39,2
40,2
41,2
42,2
43,2
44,2
88,2
94,2
102,2
103,2
104,2
105,2
106,2
107,2
108,2
109,2
110,2
111,2
112,2
113,2
114,2
115,2
116,2
117,2
118,2
119,2
120,2
121,2
122,2
123,2
124,2
125,2
126,2
127,2
128,2
129,2
130,2
131,2
132,2
133,2
134,2
135,2
136,2
137,2
138,2
139,2
140,2
141,2
142,2
143,2
144,2
145,2
146,2
147,2
148,2
149,2
7,3
8,3
9,3
10,3
11,3
12,3
13,3
14,3
15,3
16,3
36,3
37,3
44,3
88,3
94,3
102,3
103,3
104,3
105,3
106,3
107,3
108,3
109,3
110,3
111,3
112,3
113,3
114,3
115,3
116,3
117,3
118,3
119,3
120,3
121,3
122,3
123,3
124,3
125,3
126,3
127,3
128,3
129,3
130,3
131,3
132,3
133,3
134,3
135,3
136,3
137,3
138,3
139,3
140,3
141,3
142,3
143,3
144,3
145,3
146,3
147,3
148,3
149,3
7,4
8,4
36,4
37,4
44,4
45,4
49,4
50,4
51,4
52,4
53,4
54,4
85,4
86,4
87,4
102,4
103,4
104,4
105,4
106,4
107,4
108,4
109,4
110,4
111,4
112,4
113,4
114,4
115,4
116,4
117,4
118,4
119,4
120,4
121,4
122,4
123,4
124,4
125,4
126,4
127,4
128,4
129,4
130,4
131,4
132,4
133,4
134,4
135,4
136,4
137,4
138,4
139,4
140,4
141,4
142,4
143,4
144,4
145,4
146,4
147,4
148,4
149,4
7,5
8,5
36,5
37,5
44,5
45,5
48,5
49,5
50,5
51,5
52,5
53,5
54,5
85,5
102,5
103,5
104,5
105,5
106,5
107,5
108,5
109,5
110,5
111,5
112,5
113,5
114,5
115,5
116,5
117,5
118,5
119,5
120,5
121,5
122,5
123,5
124,5
125,5
126,5
127,5
128,5
129,5
130,5
131,5
132,5
133,5
134,5
135,5
136,5
137,5
138,5
139,5
140,5
141,5
142,5
143,5
144,5
145,5
146,5
147,5
148,5
149,5
3,6
4,6
5,6
6,6
7,6
8,6
18,6
19,6
20,6
34,6
35,6
44,6
45,6
48,6
49,6
50,6
51,6
52,6
53,6
54,6
55,6
85,6
94,6
102,6
103,6
104,6
105,6
106,6
107,6
108,6
109,6
110,6
111,6
112,6
113,6
114,6
115,6
116,6
117,6
118,6
119,6
120,6
121,6
122,6
123,6
124,6
125,6
126,6
127,6
128,6
133,6
134,6
135,6
139,6
140,6
141,6
142,6
143,6
144,6
145,6
146,6
147,6
148,6
149,6
2,7
3,7
4,7
5,7
6,7
7,7
8,7
17,7
18,7
44,7
45,7
46,7
47,7
48,7
49,7
50,7
51,7
52,7
53,7
54,7
55,7
56,7
85,7
94,7
95,7
96,7
97,7
102,7
103,7
104,7
105,7
106,7
107,7
108,7
109,7
110,7
111,7
112,7
113,7
114,7
115,7
116,7
117,7
118,7
119,7
120,7
121,7
122,7
123,7
124,7
125,7
126,7
127,7
128,7
132,7
133,7
134,7
135,7
136,7
140,7
141,7
142,7
143,7
144,7
145,7
146,7
147,7
148,7
149,7
2,8
3,8
4,8
5,8
6,8
16,8
17,8
18,8
46,8
47,8
48,8
49,8
50,8
51,8
52,8
53,8
54,8
55,8
56,8
57,8
58,8
59,8
85,8
95,8
96,8
97,8
98,8
103,8
104,8
105,8
106,8
107,8
108,8
109,8
110,8
111,8
112,8
113,8
114,8
115,8
116,8
117,8
118,8
119,8
120,8
121,8
122,8
123,8
124,8
125,8
126,8
127,8
128,8
132,8
136,8
140,8
141,8
142,8
143,8
144,8
145,8
146,8
147,8
148,8
149,8
2,9
3,9
14,9
15,9
46,9
47,9
48,9
49,9
50,9
51,9
52,9
53,9
54,9
55,9
56,9
57,9
58,9
59,9
85,9
98,9
108,9
109,9
110,9
111,9
112,9
113,9
114,9
115,9
116,9
117,9
118,9
119,9
120,9
121,9
122,9
123,9
124,9
125,9
126,9
127,9
128,9
140,9
141,9
142,9
143,9
144,9
145,9
146,9
147,9
148,9
149,9
2,10
3,10
14,10
15,10
34,10
35,10
36,10
37,10
38,10
44,10
45,10
46,10
47,10
48,10
49,10
50,10
51,10
52,10
53,10
54,10
55,10
56,10
57,10
58,10
59,10
60,10
85,10
98,10
108,10
109,10
110,10
111,10
112,10
113,10
114,10
120,10
121,10
122,10
123,10
124,10
125,10
126,10
127,10
128,10
140,10
141,10
142,10
143,10
144,10
145,10
149,10
2,11
3,11
4,11
13,11
14,11
33,11
34,11
35,11
36,11
37,11
38,11
44,11
45,11
46,11
47,11
48,11
49,11
50,11
51,11
52,11
53,11
54,11
55,11
56,11
57,11
58,11
59,11
60,11
85,11
86,11
98,11
99,11
100,11
101,11
102,11
103,11
109,11
110,11
111,11
112,11
113,11
114,11
128,11
140,11
144,11
145,11
149,11
4,12
5,12
6,12
7,12
13,12
14,12
33,12
34,12
35,12
36,12
37,12
38,12
44,12
45,12
46,12
47,12
48,12
49,12
50,12
51,12
52,12
53,12
54,12
55,12
56,12
57,12
58,12
59,12
60,12
61,12
62,12
63,12
64,12
65,12
86,12
87,12
99,12
100,12
101,12
102,12
103,12
104,12
114,12
128,12
140,12
144,12
145,12
149,12
7,13
13,13
14,13
21,13
22,13
23,13
24,13
25,13
33,13
34,13
48,13
49,13
50,13
51,13
52,13
53,13
54,13
55,13
56,13
57,13
58,13
59,13
60,13
61,13
62,13
63,13
64,13
65,13
87,13
104,13
114,13
128,13
129,13
130,13
131,13
132,13
136,13
137,13
138,13
139,13
140,13
144,13
145,13
149,13
7,14
8,14
20,14
21,14
22,14
23,14
24,14
25,14
26,14
30,14
31,14
32,14
33,14
34,14
48,14
49,14
50,14
51,14
52,14
53,14
54,14
55,14
56,14
57,14
58,14
59,14
60,14
61,14
62,14
63,14
64,14
65,14
66,14
87,14
104,14
105,14
106,14
107,14
108,14
109,14
114,14
129,14
130,14
131,14
132,14
136,14
137,14
138,14
139,14
144,14
145,14
149,14
20,15
21,15
22,15
23,15
24,15
25,15
26,15
29,15
30,15
31,15
32,15
33,15
34,15
48,15
49,15
50,15
51,15
52,15
53,15
54,15
55,15
56,15
57,15
58,15
59,15
60,15
61,15
62,15
63,15
64,15
65,15
66,15
67,15
87,15
105,15
106,15
107,15
108,15
109,15
110,15
114,15
144,15
145,15
149,15
20,16
21,16
25,16
26,16
29,16
30,16
31,16
32,16
48,16
49,16
50,16
51,16
52,16
53,16
54,16
55,16
56,16
57,16
58,16
59,16
60,16
61,16
62,16
63,16
64,16
65,16
66,16
67,16
68,16
69,16
87,16
110,16
114,16
115,16
116,16
117,16
118,16
119,16
120,16
121,16
122,16
123,16
124,16
125,16
126,16
144,16
145,16
149,16
7,17
8,17
20,17
21,17
25,17
26,17
29,17
30,17
36,17
37,17
38,17
39,17
40,17
41,17
42,17
43,17
44,17
45,17
46,17
47,17
50,17
51,17
61,17
62,17
63,17
64,17
65,17
66,17
67,17
68,17
69,17
87,17
88,17
89,17
90,17
91,17
98,17
99,17
100,17
110,17
115,17
116,17
117,17
118,17
119,17
120,17
121,17
122,17
123,17
124,17
125,17
126,17
127,17
141,17
142,17
143,17
144,17
145,17
149,17
4,18
5,18
6,18
7,18
8,18
25,18
26,18
27,18
28,18
29,18
30,18
36,18
37,18
38,18
39,18
40,18
41,18
42,18
43,18
44,18
45,18
46,18
47,18
61,18
62,18
63,18
64,18
65,18
66,18
67,18
68,18
69,18
70,18
88,18
89,18
90,18
91,18
98,18
99,18
100,18
101,18
110,18
126,18
127,18
140,18
141,18
142,18
143,18
144,18
145,18
149,18
3,19
4,19
5,19
6,19
7,19
8,19
13,19
14,19
25,19
26,19
27,19
28,19
29,19
30,19
34,19
35,19
36,19
37,19
38,19
39,19
40,19
41,19
42,19
43,19
44,19
45,19
46,19
47,19
48,19
61,19
62,19
63,19
64,19
65,19
66,19
67,19
68,19
69,19
70,19
101,19
110,19
126,19
127,19
140,19
141,19
149,19
3,20
4,20
5,20
6,20
13,20
14,20
26,20
27,20
28,20
33,20
34,20
35,20
36,20
37,20
38,20
39,20
40,20
41,20
42,20
43,20
44,20
45,20
46,20
47,20
48,20
63,20
64,20
65,20
66,20
67,20
68,20
69,20
70,20
101,20
102,20
103,20
104,20
110,20
111,20
112,20
113,20
127,20
128,20
129,20
130,20
131,20
136,20
137,20
138,20
139,20
140,20
141,20
149,20
3,21
4,21
5,21
13,21
14,21
33,21
34,21
35,21
36,21
37,21
38,21
39,21
40,21
41,21
42,21
43,21
44,21
45,21
46,21
47,21
48,21
54,21
55,21
56,21
66,21
67,21
68,21
69,21
70,21
102,21
103,21
104,21
105,21
111,21
112,21
113,21
114,21
128,21
129,21
130,21
131,21
136,21
137,21
138,21
139,21
140,21
141,21
146,21
147,21
148,21
149,21
3,22
4,22
5,22
13,22
14,22
20,22
21,22
33,22
34,22
35,22
36,22
37,22
38,22
39,22
40,22
44,22
45,22
46,22
47,22
48,22
53,22
54,22
55,22
56,22
66,22
67,22
68,22
69,22
70,22
105,22
113,22
114,22
145,22
146,22
147,22
148,22
149,22
5,23
6,23
7,23
8,23
9,23
10,23
11,23
12,23
20,23
21,23
33,23
34,23
35,23
36,23
37,23
38,23
39,23
40,23
44,23
45,23
46,23
53,23
54,23
55,23
56,23
57,23
58,23
65,23
66,23
69,23
70,23
105,23
113,23
114,23
145,23
20,24
21,24
33,24
34,24
35,24
36,24
37,24
38,24
53,24
54,24
69,24
70,24
105,24
106,24
107,24
108,24
109,24
114,24
115,24
116,24
117,24
142,24
143,24
144,24
145,24
22,25
23,25
24,25
25,25
26,25
33,25
34,25
35,25
36,25
37,25
38,25
52,25
53,25
54,25
69,25
70,25
106,25
107,25
108,25
109,25
110,25
115,25
116,25
117,25
118,25
141,25
142,25
143,25
144,25
7,26
8,26
9,26
10,26
11,26
12,26
13,26
14,26
15,26
26,26
33,26
34,26
35,26
36,26
37,26
38,26
52,26
53,26
54,26
55,26
56,26
57,26
58,26
68,26
69,26
70,26
110,26
118,26
141,26
6,27
7,27
15,27
26,27
27,27
35,27
36,27
45,27
46,27
47,27
48,27
49,27
50,27
51,27
52,27
53,27
54,27
55,27
56,27
57,27
58,27
68,27
69,27
70,27
110,27
118,27
141,27
6,28
7,28
15,28
16,28
17,28
26,28
27,28
44,28
45,28
46,28
47,28
48,28
49,28
50,28
51,28
52,28
53,28
54,28
55,28
56,28
57,28
58,28
68,28
110,28
118,28
141,28
5,29
6,29
7,29
17,29
18,29
19,29
20,29
26,29
27,29
28,29
44,29
45,29
46,29
47,29
48,29
49,29
50,29
51,29
52,29
53,29
54,29
55,29
56,29
57,29
110,29
111,29
112,29
113,29
118,29
119,29
120,29
121,29
122,29
126,29
127,29
128,29
129,29
130,29
131,29
132,29
133,29
137,29
138,29
139,29
140,29
141,29
3,30
4,30
5,30
10,30
11,30
12,30
13,30
20,30
28,30
29,30
30,30
31,30
32,30
33,30
34,30
44,30
45,30
46,30
47,30
48,30
49,30
50,30
51,30
52,30
53,30
54,30
55,30
56,30
60,30
61,30
62,30
63,30
64,30
65,30
66,30
67,30
68,30
69,30
70,30
111,30
112,30
113,30
114,30
119,30
120,30
121,30
122,30
126,30
127,30
128,30
129,30
130,30
131,30
132,30
133,30
137,30
138,30
139,30
140,30
2,31
3,31
9,31
10,31
13,31
14,31
20,31
21,31
34,31
44,31
45,31
46,31
47,31
48,31
49,31
50,31
51,31
52,31
53,31
54,31
55,31
56,31
59,31
60,31
61,31
62,31
63,31
64,31
65,31
66,31
67,31
68,31
69,31
70,31
71,31
83,31
84,31
85,31
86,31
87,31
88,31
89,31
90,31
111,31
112,31
113,31
2,32
3,32
8,32
9,32
10,32
13,32
14,32
15,32
20,32
21,32
34,32
35,32
44,32
45,32
46,32
47,32
48,32
49,32
50,32
51,32
52,32
53,32
54,32
55,32
56,32
59,32
60,32
61,32
62,32
63,32
64,32
65,32
66,32
67,32
68,32
69,32
70,32
71,32
72,32
73,32
74,32
75,32
82,32
83,32
84,32
85,32
86,32
87,32
88,32
89,32
90,32
91,32
111,32
2,33
3,33
20,33
21,33
34,33
35,33
36,33
44,33
45,33
46,33
47,33
48,33
57,33
58,33
59,33
60,33
61,33
62,33
63,33
64,33
65,33
66,33
67,33
68,33
69,33
70,33
71,33
72,33
73,33
74,33
75,33
76,33
82,33
83,33
84,33
85,33
86,33
87,33
88,33
89,33
90,33
91,33
92,33
93,33
94,33
95,33
108,33
109,33
110,33
2,34
3,34
4,34
5,34
6,34
20,34
21,34
36,34
37,34
42,34
43,34
44,34
45,34
46,34
47,34
48,34
56,34
57,34
58,34
59,34
60,34
61,34
62,34
63,34
64,34
65,34
66,34
67,34
68,34
69,34
70,34
71,34
72,34
73,34
74,34
75,34
76,34
80,34
81,34
82,34
83,34
84,34
85,34
86,34
87,34
88,34
89,34
90,34
91,34
92,34
93,34
94,34
95,34
96,34
108,34
2,35
3,35
4,35
5,35
6,35
7,35
20,35
21,35
44,35
45,35
46,35
47,35
48,35
56,35
57,35
58,35
59,35
60,35
61,35
62,35
63,35
64,35
65,35
66,35
67,35
68,35
69,35
70,35
71,35
72,35
73,35
74,35
75,35
76,35
79,35
80,35
81,35
82,35
83,35
84,35
85,35
86,35
87,35
88,35
89,35
90,35
91,35
92,35
93,35
94,35
95,35
96,35
108,35
2,36
3,36
4,36
5,36
6,36
7,36
20,36
21,36
44,36
45,36
46,36
56,36
57,36
58,36
59,36
60,36
61,36
62,36
63,36
64,36
65,36
66,36
67,36
68,36
69,36
70,36
71,36
72,36
73,36
74,36
75,36
76,36
79,36
80,36
81,36
82,36
83,36
84,36
85,36
86,36
87,36
88,36
89,36
90,36
91,36
92,36
93,36
94,36
95,36
96,36
108,36
6,37
7,37
14,37
15,37
16,37
17,37
18,37
19,37
20,37
21,37
44,37
45,37
56,37
57,37
58,37
59,37
60,37
61,37
62,37
63,37
64,37
65,37
66,37
67,37
68,37
69,37
70,37
71,37
72,37
73,37
74,37
75,37
76,37
77,37
78,37
79,37
80,37
81,37
82,37
83,37
84,37
85,37
86,37
87,37
88,37
89,37
90,37
91,37
92,37
93,37
94,37
95,37
96,37
102,37
103,37
104,37
105,37
106,37
107,37
6,38
7,38
13,38
14,38
15,38
16,38
17,38
18,38
19,38
20,38
21,38
41,38
42,38
43,38
44,38
45,38
56,38
57,38
58,38
59,38
60,38
61,38
62,38
63,38
64,38
65,38
66,38
67,38
68,38
69,38
70,38
71,38
72,38
73,38
74,38
75,38
76,38
77,38
78,38
79,38
80,38
81,38
82,38
83,38
84,38
85,38
86,38
87,38
88,38
89,38
90,38
91,38
92,38
93,38
94,38
95,38
102,38
117,38
118,38
119,38
120,38
121,38
122,38
123,38
124,38
125,38
5,39
6,39
7,39
13,39
14,39
15,39
16,39
17,39
18,39
19,39
27,39
35,39
40,39
41,39
42,39
43,39
44,39
45,39
56,39
57,39
58,39
59,39
60,39
61,39
62,39
63,39
64,39
65,39
66,39
67,39
68,39
69,39
70,39
71,39
72,39
73,39
74,39
75,39
76,39
77,39
78,39
79,39
80,39
81,39
82,39
83,39
84,39
85,39
86,39
87,39
88,39
101,39
102,39
116,39
117,39
118,39
119,39
120,39
121,39
122,39
123,39
124,39
125,39
126,39
3,40
4,40
5,40
13,40
14,40
25,40
26,40
27,40
35,40
36,40
40,40
41,40
42,40
43,40
57,40
58,40
59,40
60,40
61,40
62,40
63,40
64,40
65,40
66,40
67,40
68,40
69,40
70,40
71,40
72,40
73,40
74,40
75,40
76,40
77,40
78,40
79,40
80,40
81,40
82,40
83,40
84,40
85,40
86,40
87,40
88,40
116,40
126,40
127,40
128,40
129,40
130,40
131,40
132,40
133,40
134,40
135,40
2,41
3,41
13,41
14,41
25,41
26,41
27,41
35,41
36,41
37,41
40,41
41,41
64,41
65,41
66,41
67,41
68,41
69,41
70,41
71,41
72,41
73,41
74,41
75,41
76,41
77,41
78,41
79,41
80,41
81,41
82,41
83,41
84,41
85,41
86,41
87,41
88,41
114,41
115,41
116,41
127,41
128,41
129,41
130,41
131,41
132,41
133,41
134,41
135,41
136,41
2,42
3,42
13,42
14,42
25,42
26,42
36,42
37,42
40,42
41,42
64,42
65,42
66,42
67,42
68,42
69,42
70,42
71,42
72,42
73,42
74,42
75,42
76,42
77,42
78,42
79,42
80,42
81,42
82,42
83,42
84,42
85,42
86,42
87,42
88,42
113,42
114,42
115,42
136,42
1,43
2,43
3,43
13,43
14,43
22,43
23,43
24,43
25,43
26,43
36,43
37,43
38,43
39,43
40,43
41,43
64,43
65,43
66,43
67,43
68,43
69,43
70,43
71,43
72,43
73,43
74,43
75,43
76,43
77,43
78,43
79,43
80,43
81,43
82,43
83,43
84,43
85,43
86,43
87,43
101,43
102,43
113,43
122,43
123,43
136,43
0,44
1,44
13,44
14,44
21,44
22,44
23,44
24,44
25,44
26,44
36,44
37,44
38,44
39,44
40,44
41,44
64,44
65,44
66,44
67,44
68,44
69,44
70,44
71,44
72,44
73,44
74,44
75,44
76,44
77,44
78,44
79,44
80,44
81,44
82,44
83,44
102,44
103,44
104,44
105,44
113,44
120,44
121,44
124,44
5,45
6,45
12,45
13,45
14,45
21,45
22,45
23,45
24,45
36,45
37,45
38,45
39,45
40,45
41,45
65,45
66,45
67,45
68,45
69,45
70,45
71,45
72,45
73,45
74,45
75,45
76,45
77,45
78,45
79,45
80,45
81,45
82,45
83,45
103,45
104,45
105,45
106,45
113,45
120,45
121,45
4,46
5,46
6,46
12,46
13,46
14,46
21,46
22,46
38,46
39,46
72,46
73,46
74,46
75,46
76,46
77,46
78,46
79,46
80,46
81,46
82,46
83,46
84,46
85,46
86,46
87,46
106,46
107,46
108,46
109,46
113,46
4,47
5,47
6,47
12,47
21,47
22,47
72,47
73,47
74,47
75,47
76,47
77,47
78,47
79,47
80,47
81,47
82,47
83,47
84,47
85,47
86,47
87,47
88,47
107,47
108,47
109,47
110,47
113,47
4,48
5,48
21,48
22,48
72,48
73,48
74,48
75,48
76,48
77,48
78,48
79,48
80,48
81,48
82,48
83,48
84,48
85,48
86,48
87,48
88,48
89,48
90,48
91,48
92,48
110,48
111,48
112,48
113,48
136,48
4,49
5,49
17,49
18,49
19,49
20,49
21,49
22,49
52,49
53,49
54,49
55,49
56,49
57,49
58,49
59,49
60,49
61,49
62,49
63,49
64,49
65,49
66,49
72,49
73,49
74,49
75,49
76,49
77,49
78,49
79,49
80,49
81,49
82,49
83,49
84,49
85,49
86,49
87,49
88,49
89,49
90,49
91,49
92,49
93,49
111,49
112,49
136,49
0,50
1,50
2,50
3,50
4,50
5,50
16,50
17,50
18,50
19,50
20,50
21,50
22,50
51,50
52,50
53,50
54,50
55,50
56,50
57,50
58,50
59,50
60,50
61,50
62,50
63,50
64,50
65,50
66,50
67,50
72,50
73,50
74,50
75,50
76,50
77,50
78,50
79,50
80,50
81,50
82,50
83,50
84,50
85,50
86,50
87,50
88,50
89,50
90,50
91,50
92,50
93,50
94,50
95,50
96,50
97,50
136,50
137,50
138,50
139,50
0,51
1,51
2,51
3,51
4,51
5,51
16,51
17,51
18,51
19,51
20,51
51,51
52,51
53,51
54,51
55,51
56,51
57,51
58,51
59,51
60,51
61,51
62,51
63,51
64,51
65,51
66,51
67,51
72,51
73,51
74,51
75,51
76,51
77,51
78,51
79,51
80,51
81,51
82,51
83,51
84,51
85,51
86,51
88,51
89,51
90,51
91,51
92,51
93,51
94,51
95,51
96,51
97,51
98,51
137,51
138,51
139,51
140,51
0,52
1,52
2,52
3,52
16,52
17,52
49,52
50,52
51,52
52,52
53,52
54,52
55,52
56,52
57,52
58,52
59,52
60,52
61,52
62,52
63,52
64,52
65,52
66,52
67,52
68,52
69,52
70,52
71,52
72,52
73,52
74,52
75,52
76,52
77,52
78,52
79,52
80,52
81,52
82,52
83,52
84,52
85,52
86,52
87,52
88,52
89,52
90,52
91,52
92,52
93,52
94,52
95,52
96,52
97,52
98,52
140,52
141,52
142,52
143,52
144,52
145,52
14,53
15,53
16,53
17,53
48,53
49,53
50,53
51,53
52,53
53,53
54,53
55,53
56,53
57,53
58,53
59,53
60,53
61,53
62,53
63,53
64,53
65,53
66,53
67,53
68,53
69,53
70,53
71,53
72,53
73,53
74,53
75,53
76,53
77,53
78,53
79,53
80,53
81,53
82,53
83,53
84,53
85,53
86,53
87,53
88,53
89,53
90,53
91,53
92,53
93,53
94,53
95,53
96,53
97,53
98,53
141,53
142,53
143,53
144,53
145,53
146,53
13,54
14,54
15,54
16,54
17,54
48,54
49,54
50,54
51,54
52,54
53,54
54,54
55,54
56,54
57,54
58,54
59,54
60,54
61,54
62,54
63,54
64,54
65,54
66,54
67,54
68,54
69,54
70,54
71,54
72,54
73,54
74,54
75,54
76,54
77,54
78,54
79,54
80,54
81,54
82,54
83,54
84,54
85,54
86,54
87,54
88,54
89,54
90,54
91,54
92,54
93,54
94,54
95,54
96,54
97,54
98,54
146,54
0,55
1,55
2,55
3,55
13,55
14,55
15,55
48,55
49,55
50,55
51,55
52,55
53,55
54,55
55,55
56,55
57,55
58,55
59,55
60,55
61,55
62,55
63,55
64,55
65,55
66,55
67,55
68,55
69,55
70,55
71,55
72,55
73,55
74,55
75,55
76,55
77,55
78,55
79,55
80,55
81,55
82,55
83,55
84,55
85,55
86,55
87,55
88,55
89,55
90,55
91,55
92,55
93,55
94,55
95,55
96,55
97,55
146,55
0,56
1,56
2,56
3,56
4,56
5,56
13,56
14,56
48,56
49,56
50,56
51,56
52,56
53,56
54,56
55,56
56,56
57,56
58,56
59,56
60,56
61,56
62,56
63,56
64,56
65,56
66,56
67,56
68,56
69,56
70,56
71,56
72,56
73,56
74,56
75,56
76,56
77,56
78,56
79,56
80,56
81,56
82,56
83,56
84,56
85,56
86,56
87,56
88,56
89,56
90,56
91,56
92,56
93,56
94,56
95,56
96,56
146,56
0,57
1,57
2,57
3,57
4,57
5,57
13,57
14,57
48,57
49,57
50,57
51,57
52,57
53,57
54,57
55,57
56,57
57,57
58,57
59,57
60,57
61,57
62,57
63,57
64,57
65,57
66,57
67,57
68,57
69,57
70,57
71,57
72,57
73,57
74,57
75,57
76,57
77,57
78,57
79,57
80,57
81,57
82,57
83,57
84,57
85,57
86,57
87,57
88,57
89,57
90,57
91,57
92,57
93,57
94,57
95,57
96,57
146,57
0,58
1,58
4,58
5,58
13,58
14,58
49,58
50,58
51,58
52,58
53,58
54,58
55,58
56,58
57,58
58,58
59,58
60,58
61,58
62,58
63,58
64,58
65,58
66,58
67,58
68,58
69,58
70,58
79,58
80,58
81,58
82,58
83,58
84,58
85,58
86,58
87,58
88,58
89,58
90,58
91,58
92,58
93,58
94,58
95,58
96,58
97,58
98,58
99,58
100,58
146,58
0,59
1,59
4,59
5,59
6,59
7,59
8,59
15,59
16,59
17,59
18,59
53,59
54,59
55,59
56,59
57,59
58,59
59,59
60,59
61,59
62,59
63,59
64,59
65,59
66,59
67,59
68,59
69,59
70,59
79,59
80,59
81,59
82,59
83,59
84,59
85,59
86,59
87,59
88,59
89,59
90,59
91,59
92,59
93,59
94,59
95,59
96,59
97,59
98,59
99,59
100,59
101,59
146,59
0,60
1,60
4,60
5,60
6,60
7,60
8,60
9,60
18,60
53,60
54,60
55,60
56,60
57,60
58,60
59,60
60,60
61,60
62,60
63,60
64,60
65,60
66,60
67,60
68,60
69,60
70,60
80,60
81,60
82,60
83,60
84,60
85,60
86,60
87,60
88,60
89,60
90,60
91,60
92,60
93,60
94,60
95,60
96,60
97,60
98,60
99,60
100,60
101,60
146,60
6,61
7,61
8,61
9,61
18,61
19,61
49,61
50,61
51,61
52,61
53,61
54,61
55,61
56,61
57,61
58,61
59,61
60,61
85,61
86,61
87,61
88,61
89,61
90,61
91,61
92,61
93,61
94,61
95,61
96,61
97,61
98,61
99,61
100,61
101,61
102,61
103,61
104,61
105,61
146,61
8,62
9,62
18,62
19,62
48,62
49,62
50,62
51,62
52,62
53,62
54,62
55,62
56,62
57,62
58,62
59,62
60,62
85,62
86,62
87,62
88,62
89,62
90,62
91,62
92,62
93,62
94,62
95,62
96,62
97,62
98,62
99,62
100,62
101,62
102,62
103,62
104,62
105,62
106,62
146,62
8,63
9,63
10,63
11,63
12,63
20,63
21,63
22,63
48,63
49,63
50,63
51,63
52,63
53,63
54,63
55,63
56,63
57,63
58,63
59,63
60,63
85,63
86,63
87,63
88,63
89,63
90,63
91,63
92,63
93,63
94,63
95,63
96,63
97,63
98,63
99,63
100,63
101,63
102,63
103,63
104,63
105,63
106,63
146,63
147,63
148,63
149,63
8,64
9,64
10,64
11,64
12,64
13,64
22,64
23,64
24,64
25,64
48,64
49,64
50,64
51,64
52,64
53,64
54,64
55,64
56,64
57,64
58,64
59,64
60,64
85,64
86,64
87,64
88,64
89,64
90,64
91,64
92,64
93,64
94,64
95,64
96,64
97,64
98,64
99,64
100,64
101,64
102,64
103,64
104,64
105,64
106,64
147,64
148,64
149,64
10,65
11,65
12,65
13,65
25,65
48,65
49,65
50,65
51,65
52,65
53,65
54,65
55,65
56,65
57,65
58,65
59,65
60,65
86,65
87,65
88,65
89,65
90,65
91,65
92,65
93,65
94,65
95,65
96,65
97,65
98,65
99,65
100,65
101,65
102,65
103,65
104,65
105,65
106,65
149,65
12,66
13,66
25,66
26,66
48,66
49,66
50,66
51,66
52,66
53,66
54,66
55,66
56,66
57,66
58,66
59,66
60,66
93,66
95,66
96,66
97,66
98,66
99,66
100,66
101,66
102,66
103,66
104,66
105,66
106,66
149,66
12,67
13,67
14,67
20,67
21,67
25,67
26,67
49,67
50,67
51,67
52,67
53,67
54,67
55,67
56,67
57,67
58,67
59,67
60,67
93,67
99,67
100,67
101,67
102,67
103,67
104,67
105,67
106,67
149,67
12,68
13,68
14,68
20,68
21,68
22,68
25,68
26,68
56,68
57,68
58,68
59,68
60,68
61,68
62,68
63,68
64,68
65,68
66,68
90,68
91,68
92,68
93,68
94,68
99,68
100,68
101,68
102,68
103,68
104,68
105,68
149,68
14,69
20,69
21,69
22,69
27,69
28,69
29,69
56,69
57,69
58,69
59,69
60,69
61,69
62,69
63,69
64,69
65,69
66,69
67,69
89,69
90,69
91,69
92,69
93,69
94,69
95,69
96,69
97,69
98,69
99,69
100,69
101,69
22,70
29,70
53,70
54,70
55,70
56,70
57,70
58,70
59,70
60,70
61,70
62,70
63,70
64,70
65,70
66,70
67,70
89,70
90,70
91,70
92,70
93,70
94,70
95,70
96,70
97,70
98,70
99,70
100,70
101,70
0,71
1,71
2,71
3,71
4,71
22,71
29,71
30,71
52,71
53,71
54,71
55,71
56,71
57,71
58,71
59,71
60,71
61,71
62,71
63,71
64,71
65,71
66,71
67,71
89,71
90,71
91,71
92,71
93,71
94,71
95,71
96,71
97,71
98,71
99,71
100,71
101,71
0,72
1,72
2,72
3,72
4,72
22,72
23,72
24,72
25,72
26,72
27,72
28,72
29,72
30,72
52,72
53,72
54,72
55,72
56,72
57,72
58,72
59,72
60,72
61,72
62,72
63,72
64,72
65,72
66,72
67,72
89,72
90,72
91,72
92,72
93,72
94,72
95,72
96,72
97,72
98,72
99,72
100,72
101,72
0,73
1,73
2,73
3,73
4,73
22,73
23,73
24,73
25,73
26,73
27,73
28,73
29,73
30,73
52,73
53,73
54,73
55,73
56,73
57,73
58,73
59,73
60,73
61,73
62,73
63,73
64,73
65,73
66,73
67,73
89,73
90,73
91,73
92,73
93,73
94,73
95,73
96,73
97,73
98,73
99,73
100,73
101,73
0,74
1,74
2,74
3,74
4,74
24,74
25,74
26,74
27,74
28,74
52,74
53,74
54,74
55,74
56,74
57,74
58,74
59,74
60,74
61,74
62,74
63,74
64,74
65,74
66,74
67,74
89,74
90,74
91,74
92,74
93,74
94,74
95,74
96,74
97,74
98,74
99,74
100,74
101,74
0,75
1,75
2,75
3,75
4,75
5,75
6,75
7,75
52,75
53,75
54,75
55,75
56,75
57,75
58,75
59,75
60,75
61,75
62,75
63,75
64,75
65,75
66,75
67,75
90,75
91,75
92,75
93,75
94,75
95,75
96,75
97,75
98,75
99,75
100,75
0,76
1,76
2,76
3,76
4,76
5,76
6,76
7,76
52,76
53,76
54,76
55,76
56,76
57,76
58,76
59,76
60,76
61,76
62,76
63,76
64,76
65,76
66,76
67,76
0,77
1,77
2,77
3,77
4,77
5,77
6,77
7,77
53,77
54,77
55,77
56,77
57,77
58,77
59,77
60,77
61,77
62,77
63,77
64,77
65,77
66,77
0,78
1,78
2,78
3,78
4,78
5,78
6,78
0,79
1,79
2,79
3,79
4,79
5,79
6,79
0,80
1,80
2,80
3,80
4,80
5,80
6,80
144,80
145,80
146,80
0,81
1,81
2,81
3,81
4,81
7,81
8,81
14,81
15,81
144,81
0,82
1,82
2,82
3,82
4,82
15,82
121,82
122,82
123,82
124,82
125,82
140,82
141,82
142,82
143,82
0,83
1,83
2,83
3,83
4,83
16,83
17,83
18,83
101,83
102,83
107,83
108,83
121,83
122,83
123,83
124,83
125,83
140,83
0,84
1,84
2,84
3,84
7,84
8,84
12,84
13,84
18,84
101,84
107,84
108,84
118,84
119,84
120,84
121,84
122,84
123,84
124,84
125,84
140,84
0,85
1,85
2,85
3,85
7,85
8,85
12,85
13,85
18,85
44,85
45,85
46,85
47,85
96,85
97,85
98,85
99,85
100,85
108,85
118,85
119,85
120,85
121,85
122,85
123,85
124,85
125,85
140,85
147,85
148,85
149,85
0,86
1,86
2,86
3,86
4,86
5,86
6,86
7,86
13,86
14,86
15,86
16,86
17,86
18,86
19,86
20,86
21,86
22,86
23,86
24,86
44,86
47,86
96,86
97,86
109,86
117,86
118,86
119,86
120,86
121,86
122,86
123,86
124,86
135,86
136,86
137,86
138,86
139,86
146,86
147,86
148,86
149,86
0,87
1,87
2,87
3,87
13,87
14,87
15,87
16,87
17,87
18,87
19,87
20,87
21,87
22,87
23,87
24,87
41,87
42,87
43,87
48,87
49,87
50,87
96,87
117,87
118,87
119,87
120,87
121,87
135,87
143,87
144,87
145,87
146,87
0,88
1,88
2,88
3,88
9,88
10,88
11,88
12,88
13,88
14,88
15,88
16,88
17,88
18,88
19,88
20,88
21,88
22,88
23,88
24,88
41,88
50,88
96,88
117,88
118,88
119,88
120,88
134,88
135,88
142,88
143,88
144,88
145,88
0,89
1,89
2,89
3,89
8,89
9,89
10,89
11,89
12,89
13,89
14,89
15,89
16,89
17,89
18,89
19,89
20,89
21,89
22,89
23,89
24,89
36,89
37,89
38,89
39,89
40,89
50,89
51,89
93,89
94,89
95,89
117,89
142,89
0,90
1,90
2,90
3,90
8,90
9,90
10,90
11,90
15,90
18,90
19,90
20,90
21,90
22,90
23,90
36,90
93,90
101,90
102,90
117,90
139,90
140,90
141,90
142,90
3,91
9,91
10,91
15,91
18,91
19,91
20,91
21,91
22,91
23,91
33,91
34,91
35,91
93,91
100,91
101,91
102,91
103,91
117,91
138,91
139,91
140,91
141,91
3,92
4,92
5,92
6,92
18,92
22,92
23,92
33,92
93,92
94,92
95,92
96,92
97,92
98,92
99,92
100,92
101,92
102,92
103,92
118,92
119,92
120,92
138,92
4,93
5,93
6,93
7,93
23,93
24,93
25,93
26,93
27,93
28,93
29,93
30,93
31,93
32,93
94,93
95,93
96,93
97,93
98,93
99,93
100,93
101,93
102,93
103,93
104,93
105,93
106,93
107,93
108,93
120,93
134,93
135,93
138,93
6,94
7,94
27,94
28,94
29,94
30,94
39,94
40,94
41,94
42,94
43,94
44,94
45,94
46,94
47,94
48,94
49,94
50,94
103,94
104,94
105,94
106,94
107,94
108,94
109,94
121,94
122,94
123,94
130,94
131,94
132,94
133,94
134,94
135,94
138,94
27,95
28,95
29,95
30,95
38,95
39,95
40,95
41,95
42,95
43,95
44,95
45,95
46,95
47,95
48,95
49,95
103,95
104,95
105,95
106,95
107,95
108,95
109,95
123,95
130,95
131,95
138,95
18,96
24,96
25,96
26,96
27,96
28,96
29,96
30,96
38,96
39,96
103,96
104,96
105,96
106,96
107,96
108,96
109,96
124,96
129,96
130,96
139,96
140,96
141,96
6,97
7,97
18,97
24,97
25,97
26,97
27,97
28,97
29,97
30,97
38,97
39,97
96,97
97,97
98,97
99,97
100,97
101,97
102,97
103,97
104,97
105,97
106,97
107,97
108,97
140,97
141,97
4,98
5,98
6,98
7,98
18,98
24,98
25,98
26,98
27,98
28,98
29,98
30,98
31,98
32,98
33,98
34,98
39,98
40,98
41,98
96,98
97,98
98,98
99,98
100,98
101,98
102,98
103,98
104,98
105,98
106,98
107,98
142,98
143,98
144,98
4,99
5,99
18,99
25,99
26,99
27,99
28,99
29,99
30,99
31,99
32,99
33,99
34,99
40,99
41,99
96,99
97,99
98,99
99,99
100,99
101,99
102,99
103,99
104,99
105,99
106,99
107,99
143,99
144,99
4,100
5,100
6,100
7,100
8,100
14,100
15,100
16,100
17,100
18,100
25,100
26,100
27,100
28,100
29,100
30,100
31,100
32,100
33,100
34,100
41,100
96,100
97,100
98,100
99,100
100,100
101,100
102,100
103,100
104,100
105,100
106,100
107,100
144,100
5,101
6,101
7,101
8,101
14,101
15,101
16,101
17,101
25,101
26,101
27,101
28,101
29,101
30,101
31,101
32,101
33,101
41,101
96,101
97,101
98,101
99,101
100,101
101,101
102,101
103,101
104,101
105,101
106,101
107,101
144,101
25,102
26,102
27,102
28,102
29,102
30,102
39,102
40,102
41,102
61,102
62,102
63,102
64,102
96,102
97,102
98,102
99,102
100,102
101,102
102,102
103,102
104,102
105,102
106,102
107,102
129,102
130,102
131,102
132,102
133,102
140,102
141,102
142,102
143,102
144,102
26,103
27,103
28,103
29,103
38,103
39,103
40,103
61,103
64,103
97,103
98,103
99,103
100,103
104,103
105,103
106,103
128,103
129,103
130,103
131,103
132,103
133,103
140,103
141,103
142,103
143,103
2,104
3,104
4,104
5,104
38,104
59,104
60,104
64,104
100,104
125,104
126,104
127,104
128,104
0,105
1,105
2,105
3,105
4,105
5,105
22,105
23,105
24,105
38,105
59,105
65,105
66,105
67,105
100,105
124,105
125,105
126,105
127,105
0,106
1,106
2,106
3,106
4,106
5,106
6,106
7,106
8,106
9,106
10,106
21,106
22,106
23,106
24,106
34,106
35,106
36,106
37,106
38,106
59,106
67,106
100,106
101,106
102,106
103,106
124,106
0,107
1,107
2,107
3,107
4,107
5,107
6,107
7,107
8,107
9,107
10,107
21,107
22,107
23,107
24,107
25,107
33,107
34,107
35,107
36,107
37,107
57,107
58,107
67,107
101,107
102,107
103,107
104,107
124,107
0,108
1,108
2,108
3,108
4,108
5,108
6,108
7,108
8,108
9,108
10,108
11,108
12,108
13,108
19,108
20,108
21,108
22,108
23,108
24,108
25,108
26,108
30,108
31,108
32,108
33,108
57,108
67,108
103,108
104,108
120,108
121,108
122,108
123,108
124,108
0,109
1,109
2,109
3,109
4,109
5,109
6,109
7,109
8,109
9,109
10,109
11,109
12,109
13,109
18,109
19,109
26,109
29,109
30,109
31,109
32,109
57,109
68,109
69,109
70,109
71,109
119,109
120,109
121,109
122,109
123,109
0,110
1,110
2,110
3,110
4,110
5,110
6,110
7,110
8,110
9,110
10,110
11,110
12,110
13,110
18,110
19,110
26,110
27,110
28,110
29,110
57,110
58,110
59,110
60,110
71,110
116,110
117,110
118,110
119,110
0,111
1,111
2,111
3,111
4,111
5,111
6,111
7,111
8,111
9,111
10,111
11,111
12,111
26,111
27,111
28,111
29,111
58,111
59,111
60,111
61,111
71,111
115,111
116,111
117,111
118,111
119,111
2,112
3,112
4,112
5,112
6,112
7,112
18,112
19,112
26,112
27,112
28,112
29,112
58,112
59,112
60,112
71,112
103,112
104,112
116,112
117,112
118,112
119,112
3,113
4,113
5,113
6,113
18,113
19,113
26,113
27,113
28,113
29,113
30,113
31,113
32,113
58,113
67,113
68,113
69,113
70,113
71,113
101,113
102,113
103,113
119,113
126,113
127,113
18,114
19,114
20,114
21,114
22,114
26,114
27,114
55,114
56,114
57,114
66,114
67,114
68,114
69,114
70,114
101,114
120,114
121,114
122,114
126,114
127,114
18,115
19,115
20,115
21,115
22,115
23,115
26,115
27,115
28,115
29,115
30,115
31,115
32,115
33,115
55,115
66,115
101,115
122,115
126,115
127,115
19,116
20,116
21,116
22,116
23,116
28,116
29,116
30,116
55,116
60,116
61,116
62,116
63,116
64,116
65,116
66,116
82,116
83,116
87,116
88,116
94,116
95,116
96,116
97,116
98,116
99,116
100,116
123,116
124,116
125,116
126,116
127,116
22,117
23,117
30,117
38,117
55,117
59,117
60,117
61,117
62,117
63,117
64,117
65,117
66,117
82,117
87,117
88,117
94,117
105,117
106,117
107,117
108,117
109,117
117,117
118,117
119,117
128,117
129,117
130,117
22,118
23,118
30,118
31,118
38,118
55,118
59,118
60,118
61,118
62,118
63,118
64,118
65,118
66,118
67,118
75,118
76,118
77,118
78,118
79,118
80,118
81,118
89,118
90,118
91,118
92,118
93,118
104,118
105,118
119,118
130,118
22,119
30,119
31,119
38,119
55,119
59,119
60,119
61,119
62,119
63,119
64,119
65,119
66,119
67,119
75,119
104,119
105,119
119,119
120,119
130,119
11,120
12,120
13,120
19,120
20,120
21,120
30,120
31,120
34,120
35,120
36,120
37,120
55,120
60,120
61,120
62,120
63,120
64,120
65,120
66,120
67,120
72,120
73,120
74,120
103,120
104,120
105,120
106,120
107,120
108,120
116,120
117,120
118,120
119,120
120,120
121,120
130,120
10,121
11,121
30,121
31,121
34,121
35,121
46,121
47,121
54,121
63,121
64,121
65,121
66,121
67,121
72,121
100,121
101,121
102,121
103,121
104,121
105,121
106,121
107,121
108,121
116,121
117,121
118,121
119,121
120,121
121,121
130,121
131,121
10,122
11,122
27,122
28,122
29,122
30,122
31,122
34,122
35,122
46,122
63,122
64,122
65,122
66,122
72,122
99,122
100,122
101,122
102,122
103,122
104,122
105,122
106,122
107,122
108,122
116,122
117,122
118,122
119,122
120,122
121,122
122,122
10,123
11,123
12,123
13,123
26,123
27,123
28,123
29,123
30,123
31,123
34,123
35,123
36,123
37,123
43,123
44,123
45,123
64,123
65,123
66,123
69,123
70,123
71,123
72,123
73,123
74,123
75,123
76,123
77,123
78,123
99,123
100,123
101,123
102,123
103,123
104,123
105,123
106,123
107,123
118,123
119,123
120,123
121,123
122,123
123,123
10,124
11,124
12,124
13,124
14,124
26,124
27,124
28,124
29,124
36,124
37,124
43,124
50,124
51,124
52,124
53,124
54,124
55,124
65,124
66,124
67,124
68,124
69,124
72,124
73,124
78,124
98,124
99,124
100,124
101,124
102,124
103,124
104,124
105,124
106,124
107,124
118,124
119,124
120,124
121,124
122,124
123,124
124,124
0,125
1,125
2,125
3,125
4,125
12,125
13,125
14,125
26,125
27,125
28,125
37,125
38,125
42,125
49,125
50,125
55,125
67,125
68,125
72,125
73,125
78,125
79,125
94,125
95,125
96,125
97,125
98,125
99,125
100,125
101,125
102,125
103,125
104,125
105,125
106,125
107,125
118,125
119,125
120,125
121,125
122,125
123,125
124,125
125,125
0,126
1,126
2,126
3,126
4,126
13,126
14,126
26,126
27,126
28,126
49,126
50,126
55,126
56,126
72,126
73,126
78,126
79,126
80,126
93,126
94,126
95,126
96,126
97,126
98,126
99,126
100,126
101,126
102,126
103,126
104,126
105,126
106,126
107,126
118,126
119,126
120,126
121,126
122,126
123,126
124,126
125,126
0,127
1,127
2,127
3,127
4,127
5,127
13,127
14,127
28,127
29,127
30,127
31,127
32,127
33,127
34,127
46,127
47,127
48,127
49,127
50,127
55,127
56,127
72,127
73,127
80,127
93,127
94,127
95,127
96,127
97,127
98,127
99,127
100,127
101,127
102,127
103,127
104,127
105,127
106,127
107,127
118,127
119,127
120,127
121,127
122,127
123,127
124,127
125,127
126,127
0,128
1,128
2,128
3,128
4,128
5,128
12,128
13,128
14,128
34,128
45,128
46,128
57,128
58,128
59,128
69,128
70,128
71,128
72,128
73,128
80,128
81,128
93,128
94,128
95,128
96,128
97,128
98,128
99,128
100,128
101,128
102,128
103,128
104,128
105,128
106,128
107,128
120,128
121,128
122,128
123,128
124,128
125,128
126,128
0,129
1,129
2,129
3,129
4,129
5,129
10,129
11,129
12,129
34,129
35,129
45,129
46,129
59,129
68,129
69,129
80,129
81,129
93,129
94,129
95,129
96,129
97,129
98,129
99,129
100,129
101,129
102,129
103,129
104,129
105,129
106,129
122,129
123,129
124,129
125,129
126,129
130,129
0,130
1,130
2,130
3,130
9,130
10,130
34,130
35,130
42,130
43,130
44,130
45,130
46,130
59,130
60,130
68,130
69,130
80,130
81,130
95,130
96,130
97,130
98,130
99,130
100,130
101,130
102,130
103,130
104,130
122,130
123,130
124,130
125,130
126,130
130,130
0,131
1,131
9,131
10,131
36,131
37,131
41,131
42,131
59,131
60,131
68,131
69,131
74,131
75,131
76,131
77,131
78,131
79,131
80,131
81,131
97,131
98,131
99,131
100,131
101,131
102,131
103,131
104,131
120,131
121,131
122,131
123,131
124,131
125,131
126,131
130,131
0,132
1,132
9,132
10,132
11,132
12,132
13,132
59,132
60,132
68,132
69,132
73,132
74,132
75,132
76,132
77,132
78,132
79,132
80,132
81,132
98,132
99,132
100,132
101,132
102,132
103,132
104,132
105,132
106,132
107,132
119,132
120,132
121,132
122,132
123,132
124,132
125,132
126,132
131,132
132,132
133,132
134,132
135,132
0,133
1,133
9,133
10,133
11,133
12,133
13,133
14,133
59,133
60,133
61,133
67,133
68,133
69,133
73,133
74,133
75,133
76,133
77,133
78,133
79,133
80,133
81,133
98,133
99,133
100,133
101,133
102,133
103,133
104,133
105,133
106,133
107,133
108,133
117,133
118,133
119,133
120,133
121,133
122,133
123,133
135,133
2,134
3,134
11,134
12,134
13,134
14,134
61,134
62,134
66,134
67,134
73,134
74,134
75,134
76,134
77,134
78,134
79,134
80,134
81,134
82,134
83,134
84,134
85,134
86,134
87,134
88,134
89,134
98,134
99,134
100,134
101,134
102,134
103,134
104,134
105,134
106,134
107,134
108,134
117,134
118,134
119,134
120,134
121,134
122,134
123,134
124,134
125,134
126,134
135,134
3,135
13,135
14,135
73,135
74,135
75,135
76,135
77,135
78,135
79,135
80,135
81,135
82,135
83,135
84,135
85,135
86,135
87,135
88,135
89,135
90,135
98,135
99,135
100,135
101,135
102,135
103,135
104,135
105,135
106,135
107,135
108,135
116,135
117,135
118,135
119,135
120,135
121,135
122,135
123,135
124,135
125,135
132,135
133,135
134,135
135,135
3,136
4,136
13,136
14,136
73,136
74,136
75,136
76,136
77,136
78,136
79,136
80,136
81,136
82,136
83,136
84,136
85,136
86,136
87,136
88,136
89,136
90,136
98,136
99,136
100,136
101,136
102,136
103,136
104,136
105,136
106,136
107,136
108,136
116,136
117,136
118,136
119,136
120,136
121,136
122,136
123,136
131,136
132,136
133,136
134,136
3,137
4,137
5,137
12,137
13,137
27,137
28,137
29,137
30,137
31,137
73,137
74,137
75,137
76,137
77,137
78,137
79,137
80,137
81,137
82,137
83,137
84,137
85,137
86,137
87,137
88,137
89,137
90,137
98,137
99,137
100,137
101,137
102,137
103,137
104,137
105,137
106,137
107,137
108,137
109,137
116,137
117,137
118,137
119,137
120,137
121,137
122,137
123,137
128,137
129,137
130,137
131,137
5,138
6,138
11,138
12,138
26,138
27,138
28,138
29,138
32,138
73,138
74,138
75,138
76,138
77,138
78,138
79,138
80,138
81,138
82,138
83,138
84,138
85,138
86,138
87,138
88,138
89,138
90,138
98,138
99,138
100,138
101,138
102,138
103,138
104,138
105,138
106,138
107,138
108,138
109,138
110,138
118,138
119,138
120,138
121,138
122,138
123,138
127,138
128,138
129,138
130,138
131,138
26,139
27,139
28,139
32,139
69,139
70,139
71,139
72,139
73,139
74,139
75,139
76,139
77,139
78,139
79,139
80,139
81,139
82,139
83,139
84,139
85,139
86,139
87,139
88,139
89,139
90,139
100,139
101,139
102,139
103,139
104,139
105,139
106,139
107,139
108,139
109,139
110,139
120,139
121,139
122,139
123,139
127,139
128,139
129,139
130,139
131,139
132,139
133,139
134,139
135,139
68,140
69,140
70,140
71,140
72,140
73,140
74,140
75,140
76,140
77,140
78,140
79,140
80,140
81,140
82,140
83,140
84,140
85,140
86,140
87,140
88,140
89,140
90,140
103,140
104,140
105,140
106,140
107,140
108,140
109,140
110,140
111,140
120,140
121,140
122,140
123,140
127,140
128,140
129,140
130,140
131,140
135,140
68,141
69,141
70,141
71,141
72,141
73,141
74,141
75,141
76,141
82,141
83,141
84,141
85,141
86,141
87,141
88,141
89,141
90,141
103,141
104,141
105,141
106,141
107,141
108,141
109,141
110,141
111,141
112,141
119,141
120,141
121,141
122,141
123,141
128,141
129,141
130,141
135,141
136,141
68,142
69,142
70,142
71,142
72,142
73,142
74,142
75,142
76,142
82,142
83,142
84,142
85,142
86,142
87,142
88,142
89,142
90,142
104,142
105,142
106,142
107,142
108,142
109,142
112,142
113,142
118,142
119,142
122,142
123,142
68,143
69,143
70,143
71,143
72,143
73,143
74,143
75,143
76,143
82,143
83,143
84,143
85,143
86,143
87,143
88,143
89,143
90,143
106,143
107,143
108,143
109,143
122,143
123,143
64,144
65,144
66,144
67,144
68,144
69,144
70,144
71,144
72,144
73,144
74,144
75,144
76,144
82,144
83,144
84,144
85,144
86,144
87,144
88,144
89,144
90,144
96,144
97,144
98,144
99,144
108,144
109,144
122,144
123,144
132,144
133,144
134,144
135,144
63,145
64,145
65,145
66,145
67,145
68,145
69,145
70,145
71,145
72,145
73,145
74,145
75,145
76,145
82,145
83,145
84,145
85,145
86,145
87,145
88,145
89,145
90,145
95,145
96,145
97,145
98,145
99,145
100,145
108,145
109,145
110,145
111,145
112,145
120,145
121,145
122,145
123,145
131,145
132,145
133,145
134,145
63,146
64,146
65,146
66,146
67,146
68,146
69,146
70,146
71,146
72,146
73,146
74,146
75,146
76,146
82,146
83,146
84,146
85,146
86,146
87,146
88,146
89,146
90,146
91,146
92,146
93,146
94,146
95,146
96,146
97,146
98,146
99,146
100,146
108,146
109,146
110,146
111,146
112,146
120,146
121,146
122,146
123,146
128,146
129,146
130,146
131,146
63,147
64,147
65,147
66,147
67,147
68,147
69,147
70,147
71,147
72,147
73,147
74,147
75,147
76,147
82,147
83,147
84,147
85,147
86,147
87,147
88,147
89,147
90,147
91,147
92,147
93,147
94,147
95,147
96,147
97,147
98,147
99,147
100,147
101,147
102,147
103,147
110,147
111,147
112,147
120,147
121,147
122,147
127,147
128,147
129,147
130,147
63,148
64,148
65,148
66,148
67,148
68,148
69,148
70,148
71,148
72,148
73,148
74,148
75,148
76,148
82,148
83,148
84,148
85,148
86,148
87,148
88,148
89,148
90,148
91,148
92,148
93,148
94,148
95,148
96,148
97,148
98,148
99,148
100,148
101,148
102,148
103,148
104,148
127,148
128,148
63,149
64,149
65,149
66,149
67,149
68,149
69,149
70,149
71,149
72,149
73,149
74,149
75,149
76,149
82,149
83,149
84,149
85,149
86,149
87,149
88,149
89,149
90,149
91,149
92,149
93,149
94,149
95,149
96,149
97,149
98,149
99,149
100,149
101,149
102,149
103,149
104,149
105,149
106,149
107,149
108,149
109,149
110,149
111,149
112,149
113,149
114,149
119,149
120,149
121,149
122,149
123,149
124,149
125,149
126,149
127,149
128,149
