0,0
1,0
2,0
3,0
4,0
5,0
6,0
7,0
8,0
9,0
10,0
11,0
12,0
13,0
14,0
15,0
16,0
17,0
18,0
19,0
20,0
21,0
22,0
23,0
24,0
25,0
26,0
27,0
28,0
29,0
30,0
31,0
32,0
33,0
34,0
35,0
36,0
37,0
38,0
39,0
40,0
41,0
42,0
43,0
44,0
45,0
46,0
47,0
48,0
49,0
0,1
19,1
20,1
21,1
22,1
23,1
24,1
25,1
26,1
27,1
28,1
29,1
30,1
49,1
0,2
19,2
20,2
21,2
22,2
23,2
24,2
25,2
26,2
27,2
28,2
29,2
30,2
49,2
0,3
8,3
9,3
19,3
20,3
21,3
22,3
23,3
24,3
25,3
26,3
27,3
28,3
29,3
30,3
38,3
39,3
49,3
0,4
3,4
4,4
5,4
6,4
7,4
8,4
9,4
10,4
11,4
19,4
20,4
21,4
22,4
23,4
24,4
25,4
26,4
27,4
28,4
29,4
30,4
33,4
34,4
35,4
36,4
37,4
38,4
39,4
40,4
41,4
49,4
0,5
3,5
4,5
5,5
6,5
7,5
10,5
11,5
12,5
19,5
20,5
21,5
22,5
23,5
24,5
25,5
26,5
27,5
28,5
29,5
30,5
33,5
34,5
35,5
36,5
37,5
40,5
41,5
42,5
49,5
0,6
3,6
11,6
12,6
13,6
19,6
20,6
21,6
22,6
23,6
24,6
25,6
26,6
27,6
28,6
29,6
30,6
33,6
41,6
42,6
43,6
49,6
0,7
12,7
13,7
14,7
19,7
20,7
21,7
22,7
23,7
24,7
25,7
26,7
27,7
28,7
29,7
30,7
42,7
43,7
44,7
49,7
0,8
13,8
14,8
15,8
19,8
20,8
21,8
22,8
23,8
24,8
25,8
26,8
27,8
28,8
29,8
30,8
43,8
44,8
45,8
49,8
0,9
14,9
15,9
19,9
20,9
21,9
22,9
23,9
24,9
25,9
26,9
27,9
28,9
29,9
30,9
44,9
45,9
49,9
0,10
14,10
15,10
19,10
20,10
21,10
22,10
23,10
24,10
25,10
26,10
27,10
28,10
29,10
30,10
44,10
45,10
49,10
0,11
19,11
20,11
21,11
22,11
23,11
24,11
25,11
26,11
27,11
28,11
29,11
30,11
49,11
0,12
19,12
20,12
21,12
22,12
23,12
24,12
25,12
26,12
27,12
28,12
29,12
30,12
49,12
0,13
19,13
20,13
21,13
22,13
23,13
24,13
25,13
26,13
27,13
28,13
29,13
30,13
49,13
0,14
19,14
20,14
21,14
22,14
23,14
24,14
25,14
26,14
27,14
28,14
29,14
30,14
49,14
0,15
19,15
20,15
21,15
22,15
23,15
24,15
25,15
26,15
27,15
28,15
29,15
30,15
49,15
0,16
19,16
20,16
21,16
22,16
23,16
24,16
25,16
26,16
27,16
28,16
29,16
30,16
49,16
0,17
19,17
20,17
21,17
22,17
23,17
24,17
25,17
26,17
27,17
28,17
29,17
30,17
49,17
0,18
19,18
20,18
21,18
22,18
23,18
24,18
25,18
26,18
27,18
28,18
29,18
30,18
49,18
0,19
19,19
20,19
21,19
22,19
23,19
24,19
25,19
26,19
27,19
28,19
29,19
30,19
49,19
0,20
19,20
20,20
21,20
22,20
23,20
24,20
25,20
26,20
27,20
28,20
29,20
30,20
49,20
0,21
19,21
20,21
21,21
22,21
23,21
24,21
25,21
26,21
27,21
28,21
29,21
30,21
49,21
0,22
19,22
20,22
21,22
22,22
23,22
24,22
25,22
26,22
27,22
28,22
29,22
30,22
49,22
0,23
19,23
20,23
21,23
22,23
23,23
24,23
25,23
26,23
27,23
28,23
29,23
30,23
49,23
0,24
19,24
20,24
21,24
22,24
23,24
24,24
25,24
26,24
27,24
28,24
29,24
30,24
49,24
0,25
19,25
20,25
21,25
22,25
23,25
24,25
25,25
26,25
27,25
28,25
29,25
30,25
49,25
0,26
19,26
20,26
21,26
22,26
23,26
24,26
25,26
26,26
27,26
28,26
29,26
30,26
49,26
0,27
19,27
20,27
21,27
22,27
23,27
24,27
25,27
26,27
27,27
28,27
29,27
30,27
49,27
0,28
19,28
20,28
21,28
22,28
23,28
24,28
25,28
26,28
27,28
28,28
29,28
30,28
49,28
0,29
19,29
20,29
21,29
22,29
23,29
24,29
25,29
26,29
27,29
28,29
29,29
30,29
49,29
0,30
19,30
20,30
21,30
22,30
23,30
24,30
25,30
26,30
27,30
28,30
29,30
30,30
49,30
0,31
19,31
20,31
21,31
22,31
23,31
24,31
25,31
26,31
27,31
28,31
29,31
30,31
49,31
0,32
19,32
20,32
21,32
22,32
23,32
24,32
25,32
26,32
27,32
28,32
29,32
30,32
49,32
0,33
19,33
20,33
21,33
22,33
23,33
24,33
25,33
26,33
27,33
28,33
29,33
30,33
49,33
0,34
19,34
20,34
21,34
22,34
23,34
24,34
25,34
26,34
27,34
28,34
29,34
30,34
31,34
49,34
0,35
19,35
20,35
21,35
22,35
23,35
24,35
25,35
26,35
27,35
28,35
29,35
30,35
49,35
0,36
19,36
20,36
21,36
22,36
23,36
24,36
25,36
26,36
27,36
28,36
29,36
49,36
0,37
19,37
20,37
21,37
22,37
23,37
24,37
25,37
26,37
27,37
28,37
49,37
0,38
20,38
21,38
22,38
23,38
24,38
25,38
26,38
27,38
49,38
0,39
21,39
22,39
23,39
24,39
25,39
26,39
49,39
0,40
49,40
0,41
49,41
0,42
49,42
0,43
49,43
0,44
49,44
0,45
49,45
0,46
1,46
48,46
49,46
0,47
1,47
2,47
47,47
48,47
49,47
0,48
1,48
2,48
3,48
4,48
5,48
6,48
7,48
8,48
9,48
10,48
11,48
12,48
13,48
14,48
15,48
16,48
17,48
18,48
19,48
20,48
21,48
22,48
23,48
24,48
25,48
26,48
27,48
28,48
29,48
30,48
31,48
32,48
33,48
34,48
35,48
36,48
37,48
38,48
39,48
40,48
41,48
42,48
43,48
44,48
45,48
46,48
47,48
48,48
49,48
0,49
1,49
2,49
3,49
4,49
5,49
6,49
7,49
8,49
9,49
10,49
11,49
12,49
13,49
14,49
15,49
16,49
17,49
18,49
19,49
20,49
21,49
22,49
23,49
24,49
25,49
26,49
27,49
28,49
29,49
30,49
31,49
32,49
33,49
34,49
35,49
36,49
37,49
38,49
39,49
40,49
41,49
42,49
43,49
44,49
45,49
46,49
47,49
48,49
49,49
