177,0
178,0
179,0
180,0
181,0
182,0
183,0
184,0
196,0
197,0
198,0
199,0
200,0
201,0
202,0
203,0
204,0
205,0
206,0
207,0
208,0
209,0
210,0
211,0
212,0
213,0
214,0
215,0
216,0
217,0
218,0
219,0
220,0
221,0
222,0
223,0
224,0
225,0
226,0
227,0
228,0
229,0
230,0
231,0
232,0
233,0
234,0
235,0
236,0
237,0
238,0
239,0
240,0
241,0
242,0
243,0
244,0
245,0
246,0
247,0
196,1
197,1
198,1
199,1
200,1
201,1
202,1
203,1
204,1
205,1
206,1
207,1
208,1
209,1
210,1
211,1
212,1
213,1
214,1
215,1
216,1
217,1
218,1
219,1
220,1
221,1
222,1
223,1
224,1
225,1
226,1
227,1
228,1
229,1
230,1
231,1
232,1
233,1
234,1
235,1
236,1
237,1
238,1
239,1
240,1
241,1
242,1
243,1
244,1
245,1
246,1
247,1
196,2
197,2
198,2
199,2
200,2
201,2
202,2
203,2
204,2
205,2
206,2
207,2
208,2
209,2
210,2
211,2
212,2
213,2
214,2
215,2
216,2
217,2
218,2
219,2
220,2
221,2
222,2
223,2
224,2
225,2
226,2
227,2
228,2
229,2
230,2
231,2
232,2
233,2
234,2
235,2
236,2
237,2
238,2
239,2
240,2
241,2
242,2
243,2
244,2
245,2
246,2
247,2
181,3
182,3
183,3
184,3
185,3
186,3
187,3
188,3
189,3
190,3
191,3
192,3
193,3
194,3
195,3
196,3
197,3
198,3
199,3
200,3
201,3
202,3
203,3
204,3
205,3
206,3
207,3
208,3
209,3
210,3
211,3
212,3
213,3
214,3
215,3
216,3
217,3
218,3
219,3
220,3
221,3
222,3
223,3
224,3
225,3
226,3
227,3
228,3
229,3
230,3
231,3
232,3
233,3
234,3
235,3
236,3
237,3
238,3
239,3
240,3
181,4
182,4
183,4
184,4
185,4
186,4
187,4
188,4
189,4
190,4
191,4
192,4
193,4
194,4
195,4
196,4
197,4
198,4
199,4
200,4
201,4
202,4
203,4
204,4
205,4
206,4
207,4
208,4
209,4
210,4
211,4
212,4
213,4
214,4
217,4
218,4
219,4
220,4
221,4
222,4
223,4
224,4
225,4
226,4
227,4
228,4
229,4
230,4
231,4
232,4
233,4
234,4
235,4
236,4
181,5
182,5
183,5
184,5
185,5
186,5
187,5
188,5
189,5
190,5
191,5
192,5
193,5
194,5
195,5
196,5
197,5
198,5
199,5
200,5
201,5
202,5
203,5
204,5
205,5
206,5
207,5
208,5
209,5
210,5
218,5
219,5
220,5
221,5
222,5
223,5
224,5
225,5
226,5
227,5
228,5
229,5
230,5
231,5
232,5
233,5
234,5
235,5
236,5
181,6
182,6
183,6
184,6
185,6
186,6
187,6
188,6
189,6
190,6
191,6
192,6
193,6
194,6
195,6
196,6
197,6
198,6
199,6
200,6
201,6
202,6
203,6
204,6
205,6
206,6
207,6
208,6
209,6
218,6
219,6
220,6
221,6
222,6
223,6
224,6
225,6
226,6
227,6
228,6
229,6
230,6
231,6
232,6
233,6
234,6
235,6
236,6
237,6
238,6
181,7
182,7
183,7
184,7
185,7
186,7
187,7
188,7
189,7
190,7
191,7
192,7
193,7
194,7
195,7
196,7
197,7
198,7
199,7
200,7
201,7
202,7
203,7
204,7
205,7
206,7
207,7
208,7
209,7
220,7
221,7
222,7
223,7
224,7
225,7
226,7
227,7
228,7
229,7
230,7
231,7
232,7
233,7
234,7
235,7
236,7
237,7
238,7
181,8
182,8
183,8
184,8
185,8
186,8
187,8
188,8
189,8
190,8
191,8
192,8
193,8
194,8
195,8
196,8
197,8
198,8
199,8
200,8
201,8
202,8
203,8
204,8
221,8
222,8
223,8
224,8
225,8
226,8
227,8
228,8
229,8
230,8
231,8
232,8
233,8
234,8
235,8
236,8
237,8
238,8
239,8
188,9
189,9
190,9
191,9
192,9
193,9
194,9
195,9
196,9
197,9
198,9
199,9
200,9
201,9
202,9
203,9
204,9
221,9
222,9
223,9
224,9
225,9
226,9
227,9
228,9
229,9
230,9
231,9
232,9
233,9
234,9
235,9
236,9
237,9
238,9
239,9
240,9
241,9
242,9
243,9
188,10
189,10
190,10
191,10
192,10
193,10
194,10
195,10
196,10
197,10
198,10
199,10
200,10
201,10
202,10
203,10
204,10
205,10
206,10
223,10
224,10
225,10
226,10
227,10
228,10
229,10
230,10
231,10
232,10
233,10
234,10
235,10
236,10
237,10
238,10
239,10
240,10
241,10
242,10
243,10
20,11
21,11
22,11
188,11
189,11
206,11
207,11
224,11
225,11
226,11
227,11
228,11
232,11
233,11
234,11
235,11
236,11
237,11
238,11
239,11
240,11
241,11
242,11
243,11
188,12
189,12
224,12
225,12
226,12
227,12
228,12
232,12
233,12
234,12
235,12
236,12
237,12
238,12
239,12
240,12
241,12
242,12
243,12
188,13
189,13
235,13
236,13
237,13
238,13
239,13
240,13
241,13
188,14
189,14
236,14
237,14
238,14
239,14
240,14
188,15
189,15
236,15
237,15
238,15
239,15
240,15
188,16
189,16
188,17
189,17
188,18
189,18
190,18
191,18
192,18
193,18
194,18
195,18
196,18
197,18
198,18
199,18
200,18
201,18
202,18
203,18
204,18
205,18
206,18
207,18
189,19
190,19
191,19
192,19
193,19
194,19
195,19
196,19
197,19
198,19
199,19
200,19
201,19
202,19
203,19
204,19
205,19
213,19
214,19
215,19
216,19
217,19
218,19
219,19
220,19
221,19
222,19
223,19
189,20
190,20
191,20
192,20
193,20
194,20
195,20
196,20
197,20
198,20
199,20
200,20
201,20
202,20
203,20
204,20
213,20
214,20
215,20
216,20
217,20
218,20
219,20
220,20
221,20
222,20
223,20
189,21
190,21
191,21
192,21
193,21
194,21
195,21
196,21
197,21
198,21
199,21
200,21
201,21
202,21
203,21
204,21
212,21
213,21
214,21
215,21
216,21
217,21
218,21
219,21
220,21
221,21
222,21
223,21
224,21
189,22
190,22
191,22
192,22
193,22
194,22
195,22
196,22
197,22
198,22
199,22
200,22
201,22
202,22
203,22
204,22
205,22
206,22
210,22
211,22
212,22
213,22
214,22
215,22
216,22
217,22
218,22
219,22
220,22
221,22
222,22
223,22
224,22
225,22
226,22
189,23
190,23
191,23
192,23
193,23
194,23
195,23
196,23
197,23
198,23
199,23
200,23
201,23
202,23
203,23
204,23
205,23
206,23
210,23
211,23
212,23
213,23
214,23
215,23
216,23
217,23
218,23
219,23
220,23
221,23
222,23
223,23
224,23
225,23
226,23
189,24
190,24
191,24
192,24
193,24
194,24
195,24
196,24
197,24
198,24
199,24
200,24
201,24
202,24
203,24
204,24
205,24
206,24
207,24
208,24
209,24
210,24
211,24
212,24
213,24
214,24
215,24
216,24
217,24
218,24
219,24
220,24
221,24
222,24
223,24
224,24
225,24
226,24
188,25
189,25
190,25
191,25
192,25
193,25
194,25
195,25
196,25
197,25
198,25
199,25
200,25
201,25
202,25
203,25
204,25
205,25
206,25
207,25
208,25
209,25
210,25
211,25
212,25
213,25
214,25
215,25
216,25
219,25
220,25
221,25
222,25
223,25
224,25
225,25
226,25
196,26
197,26
198,26
199,26
200,26
201,26
202,26
203,26
204,26
205,26
206,26
207,26
208,26
209,26
210,26
211,26
212,26
213,26
214,26
215,26
220,26
221,26
222,26
223,26
224,26
225,26
226,26
196,27
197,27
198,27
199,27
200,27
201,27
202,27
203,27
204,27
205,27
206,27
207,27
208,27
209,27
210,27
211,27
212,27
213,27
214,27
215,27
220,27
221,27
222,27
223,27
224,27
225,27
226,27
196,28
197,28
198,28
199,28
200,28
201,28
202,28
203,28
204,28
205,28
206,28
207,28
208,28
209,28
210,28
211,28
212,28
213,28
196,29
197,29
198,29
199,29
200,29
201,29
202,29
203,29
204,29
205,29
206,29
207,29
208,29
209,29
210,29
211,29
212,29
