25,0
38,0
39,0
40,0
41,0
42,0
43,0
44,0
45,0
51,0
52,0
53,0
54,0
55,0
56,0
57,0
58,0
59,0
60,0
61,0
62,0
63,0
64,0
65,0
66,0
67,0
68,0
69,0
70,0
71,0
72,0
73,0
74,0
75,0
76,0
77,0
78,0
79,0
80,0
81,0
82,0
83,0
84,0
85,0
86,0
87,0
88,0
89,0
96,0
97,0
98,0
99,0
100,0
101,0
102,0
103,0
104,0
105,0
106,0
107,0
108,0
109,0
110,0
122,0
123,0
124,0
125,0
126,0
127,0
128,0
129,0
130,0
131,0
132,0
133,0
134,0
135,0
136,0
137,0
16,1
17,1
18,1
19,1
20,1
21,1
22,1
23,1
24,1
25,1
26,1
27,1
28,1
29,1
30,1
31,1
32,1
51,1
52,1
53,1
54,1
55,1
56,1
57,1
58,1
59,1
60,1
61,1
62,1
63,1
64,1
65,1
66,1
67,1
68,1
69,1
70,1
71,1
72,1
73,1
74,1
75,1
76,1
77,1
78,1
79,1
80,1
81,1
82,1
83,1
84,1
85,1
86,1
87,1
88,1
89,1
96,1
97,1
98,1
99,1
100,1
101,1
102,1
103,1
104,1
105,1
106,1
107,1
108,1
109,1
110,1
122,1
123,1
124,1
125,1
126,1
127,1
128,1
129,1
130,1
131,1
132,1
133,1
134,1
135,1
136,1
137,1
16,2
17,2
18,2
19,2
20,2
21,2
22,2
23,2
24,2
25,2
26,2
27,2
28,2
29,2
30,2
31,2
32,2
51,2
54,2
55,2
56,2
57,2
58,2
59,2
60,2
61,2
62,2
63,2
64,2
65,2
66,2
67,2
68,2
69,2
70,2
71,2
72,2
73,2
74,2
75,2
76,2
77,2
78,2
79,2
80,2
81,2
82,2
83,2
84,2
85,2
86,2
87,2
88,2
89,2
92,2
93,2
94,2
95,2
96,2
97,2
98,2
99,2
100,2
101,2
102,2
103,2
104,2
105,2
127,2
128,2
129,2
130,2
131,2
132,2
133,2
134,2
16,3
17,3
18,3
19,3
20,3
21,3
22,3
23,3
24,3
25,3
26,3
27,3
28,3
29,3
30,3
31,3
32,3
51,3
54,3
55,3
56,3
57,3
58,3
59,3
60,3
61,3
62,3
63,3
64,3
65,3
66,3
67,3
68,3
69,3
70,3
71,3
72,3
73,3
74,3
75,3
76,3
77,3
78,3
79,3
80,3
81,3
82,3
83,3
84,3
85,3
86,3
92,3
93,3
94,3
95,3
96,3
97,3
98,3
99,3
100,3
101,3
102,3
103,3
104,3
105,3
127,3
128,3
129,3
130,3
131,3
132,3
133,3
134,3
16,4
17,4
18,4
19,4
20,4
21,4
22,4
23,4
24,4
25,4
26,4
27,4
28,4
29,4
51,4
54,4
55,4
56,4
57,4
58,4
59,4
60,4
61,4
62,4
63,4
64,4
65,4
66,4
67,4
68,4
69,4
70,4
71,4
72,4
73,4
74,4
75,4
76,4
77,4
78,4
79,4
80,4
81,4
82,4
83,4
84,4
85,4
86,4
92,4
93,4
94,4
95,4
96,4
97,4
98,4
99,4
16,5
17,5
18,5
19,5
20,5
21,5
22,5
23,5
24,5
27,5
28,5
29,5
51,5
54,5
55,5
56,5
57,5
58,5
59,5
60,5
61,5
62,5
63,5
64,5
65,5
66,5
67,5
68,5
69,5
70,5
71,5
72,5
73,5
74,5
75,5
76,5
77,5
78,5
79,5
80,5
81,5
82,5
83,5
84,5
92,5
93,5
94,5
95,5
96,5
97,5
98,5
99,5
16,6
17,6
18,6
19,6
20,6
21,6
22,6
23,6
24,6
27,6
36,6
37,6
38,6
39,6
40,6
41,6
42,6
43,6
44,6
51,6
56,6
57,6
58,6
59,6
60,6
61,6
62,6
63,6
64,6
65,6
66,6
67,6
71,6
72,6
73,6
74,6
75,6
76,6
77,6
78,6
79,6
80,6
81,6
82,6
83,6
84,6
104,6
105,6
106,6
107,6
108,6
124,6
125,6
126,6
127,6
128,6
16,7
17,7
18,7
19,7
20,7
21,7
22,7
23,7
24,7
27,7
36,7
39,7
40,7
41,7
44,7
51,7
58,7
59,7
60,7
61,7
62,7
63,7
64,7
65,7
66,7
67,7
104,7
105,7
127,7
128,7
16,8
17,8
18,8
19,8
20,8
21,8
22,8
23,8
24,8
27,8
28,8
29,8
36,8
39,8
40,8
41,8
44,8
51,8
58,8
59,8
60,8
61,8
62,8
63,8
64,8
65,8
104,8
105,8
127,8
128,8
16,9
17,9
18,9
19,9
20,9
21,9
22,9
23,9
24,9
27,9
28,9
29,9
51,9
104,9
105,9
127,9
128,9
16,10
17,10
18,10
19,10
20,10
21,10
22,10
23,10
24,10
29,10
51,10
104,10
105,10
127,10
128,10
16,11
17,11
18,11
19,11
20,11
21,11
22,11
23,11
24,11
29,11
51,11
52,11
53,11
54,11
69,11
70,11
71,11
72,11
73,11
74,11
75,11
76,11
77,11
78,11
79,11
80,11
86,11
87,11
88,11
89,11
90,11
91,11
92,11
93,11
94,11
95,11
96,11
97,11
98,11
99,11
100,11
101,11
102,11
103,11
104,11
105,11
127,11
128,11
129,11
130,11
131,11
132,11
133,11
134,11
135,11
136,11
137,11
138,11
139,11
140,11
141,11
142,11
143,11
144,11
145,11
146,11
147,11
148,11
154,11
155,11
156,11
157,11
158,11
159,11
160,11
161,11
162,11
163,11
16,12
17,12
18,12
19,12
20,12
21,12
22,12
23,12
24,12
25,12
26,12
29,12
54,12
69,12
70,12
162,12
163,12
16,13
17,13
18,13
19,13
20,13
21,13
22,13
23,13
24,13
25,13
26,13
29,13
54,13
55,13
56,13
57,13
58,13
64,13
65,13
66,13
67,13
68,13
69,13
70,13
162,13
163,13
16,14
17,14
18,14
19,14
20,14
21,14
22,14
23,14
24,14
25,14
26,14
29,14
67,14
68,14
69,14
70,14
162,14
163,14
16,15
17,15
18,15
19,15
20,15
21,15
22,15
23,15
24,15
25,15
26,15
29,15
67,15
68,15
69,15
70,15
162,15
163,15
16,16
17,16
18,16
19,16
20,16
21,16
22,16
23,16
24,16
29,16
67,16
68,16
69,16
70,16
76,16
77,16
78,16
79,16
80,16
81,16
82,16
83,16
84,16
85,16
86,16
87,16
88,16
89,16
90,16
91,16
92,16
93,16
94,16
95,16
96,16
97,16
98,16
99,16
100,16
101,16
102,16
103,16
104,16
105,16
106,16
107,16
108,16
109,16
110,16
111,16
112,16
113,16
114,16
118,16
119,16
120,16
121,16
122,16
123,16
124,16
125,16
126,16
127,16
128,16
129,16
130,16
131,16
132,16
133,16
134,16
135,16
136,16
137,16
138,16
139,16
140,16
141,16
142,16
143,16
144,16
145,16
146,16
147,16
148,16
149,16
150,16
151,16
152,16
153,16
154,16
155,16
156,16
162,16
163,16
16,17
17,17
18,17
19,17
20,17
21,17
22,17
23,17
24,17
29,17
30,17
31,17
32,17
33,17
34,17
55,17
56,17
57,17
58,17
64,17
65,17
66,17
67,17
68,17
69,17
70,17
76,17
156,17
162,17
163,17
16,18
17,18
18,18
19,18
20,18
21,18
22,18
23,18
24,18
29,18
30,18
31,18
32,18
33,18
34,18
55,18
56,18
57,18
58,18
64,18
65,18
66,18
67,18
68,18
69,18
70,18
76,18
156,18
162,18
163,18
16,19
17,19
18,19
19,19
20,19
21,19
22,19
23,19
24,19
34,19
55,19
69,19
70,19
76,19
156,19
162,19
163,19
18,20
19,20
20,20
21,20
22,20
23,20
24,20
34,20
48,20
49,20
50,20
51,20
52,20
53,20
54,20
55,20
69,20
70,20
76,20
156,20
162,20
163,20
18,21
19,21
20,21
21,21
22,21
23,21
24,21
25,21
26,21
27,21
28,21
29,21
30,21
31,21
34,21
48,21
49,21
50,21
51,21
52,21
53,21
54,21
55,21
69,21
70,21
76,21
156,21
162,21
163,21
18,22
19,22
20,22
21,22
22,22
23,22
24,22
25,22
26,22
27,22
28,22
29,22
30,22
31,22
34,22
48,22
69,22
70,22
76,22
156,22
162,22
163,22
3,23
4,23
5,23
6,23
7,23
8,23
9,23
10,23
11,23
12,23
13,23
14,23
15,23
16,23
17,23
18,23
19,23
20,23
21,23
22,23
23,23
24,23
25,23
26,23
27,23
28,23
29,23
30,23
31,23
34,23
35,23
36,23
37,23
40,23
41,23
42,23
43,23
48,23
69,23
70,23
76,23
89,23
90,23
91,23
92,23
93,23
94,23
95,23
96,23
97,23
98,23
99,23
100,23
101,23
102,23
130,23
131,23
132,23
133,23
134,23
135,23
136,23
138,23
139,23
140,23
141,23
142,23
143,23
156,23
162,23
163,23
3,24
4,24
5,24
6,24
7,24
8,24
9,24
10,24
11,24
12,24
13,24
14,24
15,24
16,24
17,24
18,24
19,24
20,24
21,24
22,24
23,24
24,24
25,24
26,24
27,24
28,24
29,24
30,24
31,24
34,24
35,24
36,24
37,24
40,24
41,24
42,24
43,24
48,24
49,24
50,24
51,24
52,24
69,24
70,24
76,24
88,24
89,24
90,24
93,24
94,24
97,24
98,24
101,24
102,24
129,24
130,24
133,24
134,24
138,24
141,24
142,24
143,24
156,24
162,24
163,24
3,25
4,25
5,25
6,25
7,25
8,25
9,25
10,25
11,25
12,25
13,25
14,25
15,25
16,25
17,25
18,25
19,25
20,25
21,25
22,25
23,25
24,25
25,25
26,25
27,25
28,25
29,25
30,25
31,25
43,25
52,25
69,25
70,25
76,25
88,25
89,25
90,25
93,25
94,25
97,25
98,25
101,25
102,25
129,25
130,25
133,25
134,25
138,25
141,25
142,25
143,25
156,25
162,25
163,25
2,26
3,26
4,26
5,26
6,26
7,26
8,26
9,26
10,26
11,26
12,26
13,26
14,26
15,26
16,26
17,26
18,26
19,26
20,26
21,26
22,26
23,26
24,26
25,26
26,26
27,26
43,26
52,26
69,26
70,26
76,26
88,26
89,26
142,26
143,26
156,26
162,26
163,26
3,27
4,27
5,27
6,27
7,27
8,27
9,27
10,27
11,27
12,27
13,27
14,27
15,27
16,27
17,27
18,27
19,27
20,27
21,27
22,27
23,27
24,27
25,27
26,27
27,27
43,27
44,27
45,27
52,27
69,27
70,27
76,27
88,27
89,27
142,27
143,27
156,27
162,27
163,27
196,27
197,27
198,27
199,27
3,28
4,28
5,28
6,28
7,28
8,28
9,28
10,28
11,28
12,28
13,28
14,28
15,28
16,28
21,28
22,28
23,28
24,28
25,28
26,28
27,28
43,28
44,28
45,28
52,28
69,28
70,28
76,28
88,28
89,28
101,28
102,28
103,28
104,28
128,28
129,28
130,28
131,28
142,28
143,28
156,28
162,28
163,28
196,28
197,28
198,28
199,28
3,29
4,29
5,29
6,29
7,29
8,29
9,29
10,29
11,29
12,29
13,29
14,29
15,29
16,29
21,29
22,29
23,29
24,29
25,29
36,29
37,29
38,29
39,29
45,29
52,29
69,29
70,29
76,29
88,29
89,29
101,29
102,29
103,29
104,29
128,29
129,29
130,29
131,29
142,29
143,29
156,29
162,29
163,29
196,29
197,29
198,29
199,29
3,30
4,30
5,30
6,30
7,30
8,30
9,30
10,30
11,30
36,30
37,30
38,30
39,30
45,30
52,30
53,30
54,30
55,30
56,30
69,30
70,30
76,30
88,30
89,30
101,30
102,30
103,30
104,30
128,30
129,30
130,30
131,30
142,30
143,30
156,30
162,30
163,30
191,30
192,30
193,30
194,30
195,30
196,30
197,30
198,30
199,30
3,31
4,31
5,31
6,31
7,31
8,31
9,31
10,31
11,31
32,31
33,31
34,31
35,31
36,31
37,31
38,31
39,31
40,31
41,31
42,31
43,31
44,31
45,31
56,31
59,31
60,31
61,31
62,31
63,31
69,31
70,31
76,31
88,31
89,31
101,31
102,31
103,31
104,31
105,31
127,31
128,31
129,31
130,31
131,31
142,31
143,31
156,31
162,31
163,31
191,31
192,31
193,31
194,31
195,31
196,31
197,31
198,31
199,31
3,32
4,32
5,32
6,32
7,32
8,32
9,32
10,32
11,32
12,32
13,32
14,32
32,32
33,32
34,32
35,32
36,32
37,32
38,32
39,32
40,32
56,32
59,32
63,32
69,32
70,32
76,32
77,32
78,32
79,32
80,32
88,32
89,32
95,32
96,32
97,32
98,32
99,32
100,32
101,32
102,32
103,32
104,32
105,32
127,32
128,32
129,32
130,32
131,32
132,32
133,32
134,32
135,32
136,32
137,32
142,32
143,32
151,32
152,32
153,32
154,32
155,32
156,32
162,32
163,32
184,32
185,32
186,32
187,32
188,32
189,32
190,32
191,32
192,32
193,32
194,32
195,32
196,32
197,32
198,32
199,32
3,33
4,33
5,33
6,33
7,33
8,33
9,33
10,33
11,33
12,33
13,33
14,33
32,33
33,33
34,33
35,33
36,33
37,33
38,33
39,33
40,33
52,33
53,33
54,33
55,33
56,33
59,33
63,33
80,33
88,33
89,33
95,33
96,33
103,33
104,33
128,33
129,33
136,33
137,33
142,33
143,33
151,33
184,33
185,33
186,33
187,33
188,33
189,33
190,33
191,33
192,33
193,33
194,33
195,33
196,33
197,33
198,33
199,33
3,34
4,34
5,34
6,34
7,34
8,34
9,34
10,34
11,34
12,34
13,34
14,34
15,34
16,34
17,34
18,34
32,34
33,34
34,34
35,34
36,34
37,34
38,34
39,34
40,34
52,34
53,34
54,34
55,34
56,34
59,34
63,34
66,34
80,34
95,34
96,34
103,34
104,34
128,34
129,34
136,34
137,34
184,34
185,34
186,34
187,34
188,34
189,34
190,34
191,34
192,34
193,34
194,34
195,34
196,34
197,34
198,34
199,34
3,35
4,35
5,35
6,35
7,35
8,35
9,35
10,35
11,35
12,35
13,35
14,35
15,35
16,35
17,35
18,35
40,35
52,35
59,35
63,35
66,35
108,35
109,35
110,35
111,35
112,35
113,35
114,35
115,35
116,35
117,35
118,35
119,35
120,35
121,35
122,35
123,35
124,35
180,35
181,35
182,35
183,35
184,35
185,35
186,35
187,35
188,35
189,35
190,35
191,35
192,35
193,35
194,35
195,35
196,35
197,35
198,35
199,35
3,36
4,36
5,36
6,36
7,36
8,36
9,36
10,36
11,36
12,36
13,36
14,36
15,36
16,36
17,36
18,36
19,36
20,36
21,36
22,36
23,36
24,36
25,36
40,36
41,36
42,36
43,36
44,36
45,36
46,36
52,36
59,36
66,36
108,36
109,36
110,36
115,36
116,36
117,36
122,36
123,36
124,36
180,36
181,36
182,36
183,36
184,36
185,36
186,36
187,36
188,36
189,36
190,36
191,36
192,36
193,36
3,37
4,37
5,37
6,37
7,37
8,37
9,37
10,37
11,37
12,37
13,37
14,37
15,37
16,37
17,37
18,37
19,37
20,37
21,37
22,37
23,37
24,37
25,37
40,37
41,37
42,37
43,37
44,37
45,37
46,37
52,37
59,37
66,37
108,37
109,37
110,37
115,37
116,37
117,37
122,37
123,37
124,37
180,37
181,37
182,37
183,37
184,37
185,37
186,37
187,37
3,38
4,38
5,38
6,38
7,38
8,38
9,38
10,38
11,38
12,38
13,38
14,38
15,38
16,38
17,38
18,38
19,38
20,38
21,38
22,38
23,38
24,38
25,38
26,38
27,38
28,38
29,38
30,38
31,38
32,38
33,38
34,38
35,38
46,38
52,38
53,38
54,38
55,38
56,38
57,38
58,38
59,38
66,38
95,38
96,38
136,38
137,38
180,38
181,38
182,38
183,38
184,38
185,38
186,38
187,38
3,39
4,39
5,39
6,39
7,39
8,39
9,39
10,39
11,39
12,39
13,39
14,39
15,39
16,39
17,39
18,39
19,39
20,39
21,39
22,39
23,39
24,39
25,39
26,39
27,39
28,39
29,39
30,39
31,39
32,39
33,39
34,39
35,39
46,39
66,39
95,39
96,39
97,39
98,39
99,39
100,39
101,39
102,39
103,39
104,39
128,39
129,39
130,39
131,39
132,39
133,39
134,39
135,39
136,39
137,39
178,39
179,39
180,39
181,39
182,39
183,39
184,39
185,39
186,39
187,39
6,40
7,40
8,40
9,40
10,40
11,40
12,40
13,40
14,40
15,40
16,40
17,40
18,40
19,40
20,40
21,40
22,40
23,40
24,40
25,40
26,40
27,40
28,40
29,40
30,40
31,40
32,40
33,40
34,40
35,40
42,40
43,40
44,40
45,40
46,40
63,40
66,40
95,40
96,40
97,40
98,40
99,40
100,40
101,40
102,40
103,40
104,40
113,40
119,40
128,40
129,40
130,40
131,40
132,40
133,40
134,40
135,40
136,40
137,40
178,40
179,40
180,40
181,40
182,40
183,40
184,40
185,40
186,40
187,40
6,41
7,41
8,41
9,41
10,41
11,41
12,41
13,41
14,41
15,41
16,41
17,41
18,41
19,41
20,41
21,41
22,41
23,41
24,41
25,41
26,41
27,41
28,41
29,41
30,41
31,41
32,41
33,41
34,41
35,41
42,41
43,41
44,41
45,41
63,41
66,41
80,41
101,41
102,41
103,41
104,41
105,41
106,41
107,41
108,41
109,41
110,41
111,41
112,41
113,41
119,41
120,41
121,41
122,41
123,41
124,41
125,41
126,41
127,41
128,41
129,41
130,41
131,41
151,41
178,41
179,41
180,41
181,41
182,41
183,41
184,41
185,41
186,41
187,41
11,42
12,42
13,42
14,42
15,42
16,42
17,42
18,42
19,42
20,42
21,42
22,42
23,42
24,42
25,42
26,42
27,42
28,42
29,42
30,42
31,42
32,42
33,42
34,42
35,42
42,42
43,42
44,42
45,42
46,42
52,42
53,42
54,42
55,42
56,42
63,42
80,42
88,42
89,42
101,42
102,42
103,42
104,42
105,42
106,42
107,42
108,42
109,42
110,42
111,42
112,42
113,42
119,42
120,42
121,42
122,42
123,42
124,42
125,42
126,42
127,42
128,42
129,42
130,42
131,42
142,42
143,42
151,42
178,42
179,42
180,42
181,42
182,42
183,42
184,42
185,42
186,42
187,42
11,43
12,43
13,43
14,43
15,43
16,43
17,43
18,43
19,43
20,43
21,43
22,43
23,43
24,43
25,43
26,43
27,43
28,43
29,43
30,43
31,43
32,43
33,43
34,43
35,43
42,43
43,43
44,43
45,43
46,43
52,43
53,43
54,43
55,43
56,43
63,43
80,43
88,43
89,43
101,43
102,43
103,43
104,43
105,43
106,43
107,43
108,43
109,43
110,43
122,43
123,43
124,43
125,43
126,43
127,43
128,43
129,43
130,43
131,43
142,43
143,43
151,43
178,43
179,43
180,43
181,43
182,43
183,43
184,43
185,43
186,43
187,43
188,43
189,43
190,43
11,44
12,44
13,44
14,44
15,44
16,44
17,44
18,44
19,44
20,44
21,44
22,44
23,44
24,44
25,44
26,44
27,44
28,44
29,44
30,44
31,44
32,44
33,44
34,44
35,44
56,44
63,44
76,44
77,44
78,44
79,44
80,44
88,44
89,44
101,44
102,44
103,44
104,44
105,44
106,44
107,44
108,44
109,44
110,44
122,44
123,44
124,44
125,44
126,44
127,44
128,44
129,44
130,44
131,44
142,44
143,44
151,44
152,44
153,44
154,44
155,44
156,44
178,44
179,44
180,44
181,44
182,44
183,44
184,44
185,44
186,44
187,44
188,44
189,44
190,44
11,45
12,45
13,45
14,45
15,45
16,45
17,45
18,45
19,45
20,45
21,45
22,45
23,45
24,45
25,45
26,45
27,45
28,45
29,45
30,45
31,45
32,45
56,45
63,45
69,45
70,45
76,45
88,45
89,45
110,45
122,45
142,45
143,45
156,45
162,45
163,45
180,45
181,45
182,45
183,45
184,45
185,45
186,45
187,45
188,45
189,45
190,45
11,46
12,46
13,46
14,46
15,46
16,46
17,46
18,46
19,46
20,46
21,46
22,46
23,46
24,46
25,46
26,46
27,46
38,46
39,46
40,46
41,46
42,46
43,46
44,46
45,46
46,46
47,46
48,46
49,46
50,46
51,46
52,46
53,46
54,46
55,46
56,46
63,46
69,46
70,46
76,46
88,46
89,46
110,46
122,46
142,46
143,46
156,46
162,46
163,46
182,46
183,46
184,46
185,46
186,46
187,46
188,46
189,46
190,46
191,46
192,46
11,47
12,47
13,47
14,47
15,47
16,47
17,47
18,47
19,47
20,47
21,47
22,47
23,47
24,47
25,47
26,47
27,47
38,47
39,47
40,47
41,47
42,47
43,47
44,47
45,47
46,47
47,47
48,47
49,47
50,47
51,47
52,47
53,47
54,47
55,47
56,47
57,47
58,47
63,47
64,47
65,47
66,47
67,47
68,47
69,47
70,47
76,47
88,47
89,47
110,47
122,47
142,47
143,47
156,47
162,47
163,47
185,47
186,47
187,47
188,47
189,47
190,47
191,47
192,47
11,48
12,48
13,48
14,48
15,48
16,48
17,48
18,48
19,48
20,48
21,48
22,48
23,48
24,48
25,48
26,48
27,48
38,48
39,48
40,48
41,48
42,48
43,48
44,48
45,48
46,48
47,48
48,48
49,48
50,48
51,48
52,48
53,48
54,48
55,48
56,48
57,48
58,48
67,48
68,48
69,48
70,48
76,48
88,48
89,48
110,48
122,48
142,48
143,48
156,48
162,48
163,48
185,48
186,48
187,48
188,48
189,48
190,48
191,48
192,48
11,49
12,49
13,49
14,49
15,49
16,49
17,49
18,49
19,49
20,49
21,49
22,49
23,49
24,49
25,49
26,49
27,49
34,49
35,49
36,49
37,49
38,49
39,49
40,49
41,49
42,49
43,49
44,49
45,49
46,49
47,49
48,49
49,49
50,49
51,49
52,49
53,49
54,49
55,49
56,49
57,49
58,49
67,49
68,49
69,49
70,49
76,49
88,49
89,49
110,49
122,49
142,49
143,49
156,49
162,49
163,49
185,49
186,49
187,49
188,49
189,49
190,49
191,49
192,49
193,49
194,49
195,49
11,50
12,50
13,50
14,50
15,50
16,50
17,50
18,50
19,50
20,50
21,50
22,50
23,50
24,50
25,50
26,50
27,50
34,50
35,50
36,50
37,50
38,50
39,50
40,50
41,50
42,50
43,50
44,50
45,50
46,50
47,50
48,50
49,50
50,50
51,50
52,50
53,50
54,50
55,50
56,50
57,50
58,50
67,50
68,50
69,50
70,50
76,50
88,50
89,50
90,50
91,50
92,50
93,50
94,50
95,50
96,50
97,50
98,50
99,50
100,50
101,50
102,50
103,50
104,50
110,50
122,50
127,50
128,50
129,50
130,50
131,50
132,50
133,50
134,50
135,50
136,50
137,50
138,50
139,50
140,50
141,50
142,50
143,50
156,50
162,50
163,50
185,50
186,50
187,50
188,50
189,50
190,50
191,50
192,50
193,50
194,50
195,50
5,51
6,51
7,51
8,51
9,51
10,51
11,51
12,51
13,51
14,51
15,51
16,51
17,51
18,51
19,51
20,51
21,51
22,51
23,51
24,51
25,51
26,51
27,51
34,51
35,51
36,51
37,51
38,51
39,51
40,51
41,51
42,51
43,51
44,51
45,51
46,51
47,51
48,51
49,51
50,51
51,51
52,51
53,51
54,51
55,51
56,51
57,51
58,51
67,51
68,51
69,51
70,51
76,51
88,51
89,51
90,51
91,51
92,51
93,51
94,51
95,51
96,51
97,51
98,51
99,51
100,51
101,51
102,51
103,51
104,51
110,51
111,51
112,51
113,51
119,51
120,51
121,51
122,51
127,51
128,51
129,51
130,51
131,51
132,51
133,51
134,51
135,51
136,51
137,51
138,51
139,51
140,51
141,51
142,51
143,51
156,51
162,51
163,51
185,51
186,51
187,51
188,51
189,51
190,51
191,51
192,51
193,51
194,51
195,51
11,52
12,52
13,52
14,52
15,52
16,52
17,52
18,52
19,52
20,52
21,52
22,52
23,52
24,52
25,52
26,52
27,52
34,52
35,52
36,52
37,52
38,52
39,52
40,52
41,52
42,52
43,52
44,52
45,52
46,52
47,52
48,52
49,52
50,52
51,52
52,52
53,52
54,52
55,52
56,52
57,52
58,52
62,52
63,52
64,52
65,52
66,52
67,52
68,52
69,52
70,52
76,52
88,52
89,52
90,52
91,52
92,52
93,52
94,52
95,52
96,52
97,52
98,52
99,52
100,52
101,52
102,52
103,52
104,52
110,52
111,52
112,52
113,52
119,52
120,52
121,52
122,52
127,52
128,52
129,52
130,52
131,52
132,52
133,52
134,52
135,52
136,52
137,52
138,52
139,52
140,52
141,52
142,52
143,52
156,52
162,52
163,52
187,52
188,52
189,52
190,52
191,52
192,52
193,52
194,52
195,52
11,53
12,53
13,53
14,53
15,53
16,53
17,53
18,53
19,53
20,53
21,53
22,53
23,53
24,53
34,53
35,53
36,53
37,53
38,53
39,53
40,53
41,53
42,53
43,53
44,53
45,53
46,53
47,53
48,53
49,53
50,53
51,53
52,53
53,53
54,53
55,53
56,53
57,53
58,53
62,53
63,53
64,53
65,53
66,53
67,53
68,53
69,53
70,53
76,53
103,53
104,53
127,53
128,53
156,53
162,53
163,53
187,53
188,53
189,53
190,53
191,53
192,53
193,53
194,53
195,53
11,54
12,54
13,54
14,54
15,54
16,54
17,54
18,54
19,54
20,54
21,54
22,54
23,54
24,54
34,54
35,54
36,54
37,54
38,54
39,54
40,54
41,54
42,54
43,54
44,54
45,54
46,54
47,54
48,54
49,54
50,54
51,54
52,54
53,54
54,54
55,54
56,54
57,54
58,54
62,54
69,54
70,54
76,54
103,54
104,54
127,54
128,54
156,54
162,54
163,54
187,54
188,54
189,54
190,54
191,54
192,54
193,54
194,54
195,54
11,55
12,55
13,55
14,55
15,55
16,55
17,55
18,55
19,55
20,55
21,55
34,55
35,55
36,55
37,55
38,55
39,55
40,55
45,55
46,55
47,55
48,55
49,55
50,55
51,55
52,55
53,55
54,55
55,55
56,55
57,55
58,55
62,55
69,55
70,55
76,55
103,55
104,55
127,55
128,55
156,55
162,55
163,55
187,55
188,55
189,55
190,55
191,55
192,55
193,55
194,55
195,55
11,56
12,56
13,56
14,56
15,56
16,56
17,56
18,56
19,56
20,56
21,56
34,56
35,56
36,56
37,56
38,56
39,56
40,56
45,56
46,56
47,56
48,56
49,56
50,56
51,56
52,56
53,56
54,56
55,56
56,56
57,56
58,56
62,56
69,56
70,56
76,56
103,56
104,56
127,56
128,56
156,56
162,56
163,56
185,56
186,56
187,56
188,56
189,56
190,56
191,56
192,56
193,56
11,57
12,57
13,57
14,57
15,57
16,57
17,57
18,57
19,57
20,57
21,57
45,57
46,57
47,57
48,57
49,57
50,57
51,57
52,57
53,57
54,57
55,57
56,57
57,57
58,57
62,57
69,57
70,57
76,57
103,57
104,57
127,57
128,57
156,57
162,57
163,57
185,57
186,57
187,57
188,57
189,57
190,57
191,57
192,57
193,57
11,58
12,58
13,58
14,58
15,58
16,58
17,58
18,58
19,58
20,58
21,58
45,58
50,58
51,58
52,58
53,58
54,58
55,58
62,58
63,58
64,58
69,58
70,58
76,58
103,58
104,58
127,58
128,58
156,58
162,58
163,58
185,58
186,58
187,58
188,58
189,58
190,58
191,58
192,58
193,58
11,59
12,59
13,59
14,59
15,59
16,59
17,59
18,59
19,59
20,59
21,59
45,59
50,59
51,59
52,59
53,59
54,59
55,59
62,59
63,59
64,59
69,59
70,59
76,59
103,59
104,59
127,59
128,59
156,59
162,59
163,59
183,59
184,59
185,59
186,59
187,59
188,59
189,59
190,59
191,59
11,60
12,60
13,60
14,60
15,60
16,60
17,60
18,60
19,60
20,60
21,60
45,60
59,60
60,60
61,60
62,60
63,60
64,60
69,60
70,60
76,60
103,60
104,60
127,60
128,60
156,60
162,60
163,60
183,60
184,60
185,60
186,60
187,60
188,60
189,60
190,60
191,60
10,61
11,61
12,61
13,61
14,61
15,61
16,61
17,61
18,61
19,61
20,61
21,61
34,61
35,61
36,61
37,61
38,61
39,61
40,61
45,61
46,61
47,61
59,61
60,61
61,61
62,61
63,61
64,61
69,61
70,61
76,61
103,61
104,61
111,61
112,61
113,61
114,61
115,61
116,61
117,61
118,61
119,61
120,61
127,61
128,61
156,61
162,61
163,61
183,61
184,61
185,61
186,61
187,61
188,61
189,61
190,61
191,61
11,62
12,62
13,62
14,62
15,62
16,62
17,62
18,62
19,62
20,62
21,62
22,62
23,62
34,62
35,62
36,62
37,62
38,62
39,62
40,62
45,62
46,62
47,62
59,62
60,62
61,62
62,62
63,62
64,62
69,62
70,62
76,62
103,62
104,62
111,62
120,62
127,62
128,62
156,62
162,62
163,62
11,63
12,63
13,63
14,63
15,63
16,63
17,63
18,63
19,63
20,63
21,63
22,63
23,63
30,63
31,63
32,63
33,63
34,63
35,63
36,63
37,63
38,63
39,63
40,63
41,63
42,63
47,63
59,63
60,63
61,63
62,63
63,63
64,63
69,63
70,63
76,63
103,63
104,63
111,63
120,63
127,63
128,63
156,63
162,63
163,63
11,64
12,64
13,64
14,64
15,64
16,64
17,64
18,64
19,64
20,64
21,64
22,64
23,64
30,64
31,64
32,64
33,64
34,64
35,64
36,64
37,64
38,64
39,64
40,64
41,64
42,64
47,64
48,64
49,64
50,64
51,64
52,64
53,64
59,64
60,64
61,64
62,64
63,64
64,64
69,64
70,64
76,64
84,64
85,64
86,64
87,64
88,64
89,64
90,64
91,64
92,64
93,64
138,64
139,64
140,64
141,64
142,64
143,64
144,64
145,64
146,64
147,64
156,64
162,64
163,64
11,65
12,65
13,65
14,65
15,65
16,65
17,65
18,65
19,65
20,65
21,65
22,65
23,65
24,65
25,65
26,65
27,65
28,65
29,65
30,65
31,65
32,65
33,65
34,65
35,65
36,65
37,65
38,65
39,65
40,65
41,65
42,65
47,65
48,65
49,65
50,65
51,65
52,65
53,65
59,65
69,65
70,65
76,65
84,65
85,65
86,65
87,65
90,65
91,65
92,65
93,65
138,65
139,65
142,65
143,65
146,65
147,65
156,65
162,65
163,65
183,65
184,65
185,65
186,65
187,65
188,65
189,65
190,65
191,65
11,66
12,66
13,66
14,66
15,66
16,66
17,66
18,66
19,66
20,66
21,66
22,66
23,66
24,66
25,66
26,66
27,66
28,66
29,66
30,66
31,66
32,66
33,66
34,66
35,66
36,66
37,66
38,66
39,66
40,66
41,66
42,66
53,66
59,66
69,66
70,66
76,66
84,66
85,66
86,66
87,66
90,66
91,66
92,66
93,66
138,66
139,66
142,66
143,66
146,66
147,66
156,66
162,66
163,66
184,66
185,66
186,66
187,66
188,66
189,66
190,66
191,66
11,67
12,67
13,67
14,67
15,67
16,67
17,67
18,67
19,67
20,67
21,67
22,67
23,67
24,67
25,67
26,67
27,67
28,67
29,67
30,67
31,67
32,67
33,67
34,67
35,67
36,67
37,67
38,67
39,67
40,67
41,67
42,67
53,67
59,67
69,67
70,67
76,67
156,67
162,67
163,67
184,67
185,67
186,67
187,67
188,67
189,67
190,67
191,67
11,68
13,68
14,68
15,68
16,68
17,68
18,68
19,68
20,68
21,68
22,68
23,68
24,68
25,68
26,68
27,68
28,68
29,68
30,68
31,68
32,68
33,68
34,68
35,68
36,68
37,68
38,68
39,68
40,68
41,68
42,68
49,68
53,68
59,68
69,68
70,68
76,68
156,68
162,68
163,68
178,68
179,68
180,68
181,68
182,68
183,68
184,68
185,68
186,68
187,68
188,68
189,68
190,68
191,68
11,69
13,69
14,69
15,69
16,69
17,69
18,69
19,69
20,69
21,69
22,69
23,69
24,69
25,69
26,69
27,69
28,69
29,69
30,69
31,69
32,69
33,69
34,69
35,69
36,69
37,69
38,69
39,69
40,69
41,69
42,69
49,69
53,69
59,69
64,69
76,69
156,69
178,69
179,69
180,69
181,69
182,69
183,69
184,69
185,69
186,69
187,69
188,69
189,69
190,69
191,69
13,70
14,70
15,70
16,70
17,70
18,70
19,70
20,70
21,70
22,70
23,70
24,70
25,70
26,70
27,70
28,70
29,70
30,70
31,70
32,70
33,70
34,70
35,70
36,70
37,70
38,70
39,70
40,70
41,70
42,70
49,70
59,70
64,70
76,70
156,70
175,70
176,70
177,70
178,70
179,70
180,70
181,70
182,70
183,70
184,70
185,70
186,70
187,70
188,70
13,71
14,71
15,71
16,71
17,71
18,71
19,71
20,71
21,71
22,71
23,71
24,71
25,71
26,71
27,71
28,71
29,71
30,71
31,71
32,71
33,71
34,71
35,71
36,71
37,71
38,71
39,71
40,71
41,71
42,71
49,71
64,71
76,71
106,71
107,71
108,71
109,71
110,71
111,71
112,71
113,71
114,71
118,71
119,71
120,71
121,71
122,71
123,71
124,71
125,71
126,71
156,71
175,71
176,71
177,71
178,71
179,71
180,71
181,71
182,71
183,71
184,71
185,71
186,71
13,72
14,72
15,72
16,72
17,72
18,72
19,72
20,72
21,72
22,72
23,72
24,72
25,72
26,72
27,72
28,72
29,72
30,72
31,72
32,72
33,72
34,72
35,72
36,72
37,72
38,72
39,72
40,72
49,72
53,72
64,72
76,72
106,72
126,72
156,72
172,72
173,72
174,72
175,72
176,72
177,72
178,72
179,72
180,72
181,72
13,73
14,73
15,73
16,73
17,73
18,73
19,73
20,73
21,73
22,73
23,73
24,73
25,73
26,73
27,73
28,73
29,73
30,73
31,73
32,73
33,73
34,73
35,73
36,73
37,73
38,73
39,73
40,73
49,73
53,73
64,73
76,73
106,73
126,73
156,73
172,73
173,73
174,73
175,73
176,73
177,73
178,73
179,73
180,73
181,73
13,74
14,74
15,74
16,74
17,74
18,74
19,74
20,74
21,74
22,74
23,74
24,74
25,74
26,74
27,74
28,74
29,74
30,74
53,74
64,74
76,74
106,74
126,74
156,74
172,74
173,74
174,74
175,74
176,74
177,74
178,74
13,75
14,75
15,75
16,75
17,75
18,75
19,75
20,75
21,75
22,75
23,75
24,75
25,75
26,75
27,75
28,75
29,75
30,75
53,75
64,75
69,75
70,75
76,75
106,75
126,75
156,75
162,75
163,75
172,75
173,75
174,75
175,75
176,75
177,75
178,75
186,75
187,75
188,75
13,76
14,76
15,76
16,76
17,76
18,76
19,76
20,76
21,76
22,76
23,76
24,76
25,76
26,76
27,76
33,76
34,76
35,76
36,76
37,76
48,76
49,76
50,76
51,76
52,76
53,76
64,76
69,76
70,76
76,76
106,76
126,76
156,76
162,76
163,76
172,76
173,76
174,76
175,76
176,76
177,76
178,76
186,76
13,77
14,77
15,77
16,77
17,77
18,77
19,77
20,77
21,77
22,77
23,77
24,77
25,77
26,77
27,77
33,77
37,77
48,77
64,77
69,77
70,77
76,77
77,77
78,77
79,77
80,77
81,77
82,77
83,77
84,77
85,77
86,77
87,77
88,77
89,77
90,77
91,77
92,77
93,77
94,77
95,77
96,77
97,77
98,77
99,77
100,77
101,77
102,77
103,77
104,77
105,77
106,77
126,77
127,77
128,77
129,77
130,77
131,77
132,77
133,77
134,77
135,77
136,77
137,77
138,77
139,77
140,77
141,77
142,77
143,77
144,77
145,77
146,77
147,77
148,77
149,77
150,77
151,77
152,77
153,77
154,77
155,77
156,77
162,77
163,77
172,77
173,77
174,77
175,77
176,77
177,77
178,77
19,78
20,78
21,78
22,78
23,78
24,78
25,78
26,78
27,78
33,78
37,78
38,78
39,78
40,78
41,78
42,78
48,78
64,78
69,78
70,78
162,78
163,78
172,78
173,78
174,78
175,78
176,78
19,79
20,79
21,79
22,79
23,79
24,79
25,79
26,79
27,79
28,79
29,79
30,79
31,79
32,79
33,79
42,79
43,79
44,79
45,79
46,79
47,79
48,79
64,79
69,79
70,79
162,79
163,79
172,79
173,79
174,79
175,79
176,79
19,80
20,80
21,80
22,80
23,80
24,80
25,80
26,80
27,80
28,80
29,80
30,80
31,80
59,80
64,80
69,80
70,80
71,80
72,80
73,80
74,80
75,80
76,80
77,80
78,80
83,80
84,80
85,80
86,80
87,80
88,80
89,80
90,80
91,80
92,80
93,80
94,80
95,80
96,80
97,80
98,80
99,80
100,80
101,80
102,80
103,80
104,80
129,80
130,80
131,80
132,80
133,80
134,80
135,80
136,80
137,80
138,80
139,80
140,80
141,80
142,80
143,80
144,80
145,80
146,80
147,80
148,80
149,80
154,80
155,80
156,80
157,80
158,80
159,80
160,80
161,80
162,80
163,80
172,80
173,80
174,80
175,80
176,80
19,81
20,81
21,81
22,81
23,81
24,81
25,81
26,81
27,81
28,81
29,81
30,81
31,81
59,81
64,81
69,81
70,81
71,81
72,81
73,81
74,81
75,81
76,81
77,81
78,81
83,81
84,81
85,81
86,81
87,81
88,81
89,81
90,81
91,81
92,81
93,81
94,81
95,81
96,81
97,81
98,81
99,81
100,81
101,81
102,81
103,81
104,81
129,81
130,81
131,81
132,81
133,81
134,81
135,81
136,81
137,81
138,81
139,81
140,81
141,81
142,81
143,81
144,81
145,81
146,81
147,81
148,81
149,81
154,81
155,81
156,81
157,81
158,81
159,81
160,81
161,81
162,81
163,81
172,81
173,81
174,81
175,81
176,81
19,82
20,82
21,82
22,82
23,82
24,82
25,82
26,82
27,82
28,82
29,82
30,82
31,82
44,82
45,82
46,82
47,82
48,82
49,82
50,82
51,82
52,82
53,82
54,82
59,82
69,82
70,82
71,82
72,82
73,82
74,82
75,82
76,82
77,82
78,82
83,82
84,82
85,82
86,82
87,82
88,82
89,82
90,82
91,82
92,82
93,82
94,82
95,82
96,82
97,82
98,82
99,82
100,82
101,82
102,82
103,82
104,82
129,82
130,82
131,82
132,82
133,82
134,82
135,82
136,82
137,82
138,82
139,82
140,82
141,82
142,82
143,82
144,82
145,82
146,82
147,82
148,82
149,82
154,82
155,82
156,82
157,82
158,82
159,82
160,82
161,82
162,82
163,82
172,82
173,82
174,82
175,82
176,82
177,82
178,82
19,83
20,83
21,83
22,83
23,83
24,83
25,83
26,83
27,83
28,83
29,83
30,83
31,83
32,83
33,83
34,83
35,83
36,83
37,83
38,83
44,83
45,83
46,83
47,83
48,83
49,83
50,83
51,83
52,83
53,83
54,83
59,83
69,83
70,83
71,83
72,83
73,83
74,83
75,83
76,83
77,83
78,83
83,83
84,83
85,83
86,83
87,83
88,83
89,83
90,83
91,83
92,83
93,83
94,83
95,83
96,83
97,83
98,83
99,83
100,83
101,83
102,83
103,83
104,83
129,83
130,83
131,83
132,83
133,83
134,83
135,83
136,83
137,83
138,83
139,83
140,83
141,83
142,83
143,83
144,83
145,83
146,83
147,83
148,83
149,83
154,83
155,83
156,83
157,83
158,83
159,83
160,83
161,83
162,83
163,83
170,83
171,83
172,83
173,83
174,83
175,83
176,83
177,83
178,83
19,84
20,84
21,84
22,84
23,84
24,84
25,84
26,84
27,84
28,84
29,84
30,84
31,84
32,84
33,84
34,84
35,84
36,84
37,84
38,84
44,84
54,84
59,84
69,84
70,84
71,84
72,84
73,84
74,84
75,84
76,84
77,84
78,84
83,84
84,84
85,84
86,84
87,84
88,84
89,84
90,84
91,84
92,84
93,84
94,84
95,84
96,84
97,84
98,84
99,84
100,84
101,84
102,84
103,84
104,84
129,84
130,84
131,84
132,84
133,84
134,84
135,84
136,84
137,84
138,84
139,84
140,84
141,84
142,84
143,84
144,84
145,84
146,84
147,84
148,84
149,84
154,84
155,84
156,84
157,84
158,84
159,84
160,84
161,84
162,84
163,84
170,84
171,84
172,84
173,84
174,84
175,84
176,84
177,84
178,84
0,85
1,85
2,85
3,85
4,85
5,85
6,85
7,85
8,85
9,85
10,85
11,85
12,85
13,85
14,85
15,85
16,85
17,85
18,85
19,85
20,85
21,85
22,85
23,85
24,85
25,85
26,85
27,85
28,85
29,85
30,85
31,85
32,85
33,85
34,85
38,85
44,85
54,85
59,85
102,85
103,85
104,85
105,85
106,85
107,85
108,85
109,85
123,85
124,85
125,85
126,85
127,85
128,85
129,85
130,85
170,85
171,85
172,85
173,85
174,85
175,85
176,85
177,85
178,85
0,86
1,86
2,86
3,86
4,86
5,86
6,86
7,86
8,86
9,86
10,86
11,86
12,86
13,86
14,86
15,86
16,86
17,86
18,86
19,86
20,86
21,86
22,86
23,86
24,86
25,86
26,86
27,86
28,86
29,86
30,86
31,86
32,86
33,86
34,86
38,86
39,86
40,86
41,86
42,86
43,86
44,86
54,86
59,86
102,86
103,86
104,86
105,86
106,86
107,86
108,86
109,86
123,86
124,86
125,86
126,86
127,86
128,86
129,86
130,86
170,86
171,86
172,86
173,86
174,86
175,86
176,86
177,86
178,86
179,86
180,86
181,86
182,86
183,86
0,87
1,87
2,87
3,87
4,87
5,87
6,87
7,87
8,87
9,87
10,87
11,87
12,87
13,87
14,87
15,87
16,87
17,87
18,87
19,87
20,87
21,87
22,87
23,87
24,87
25,87
29,87
30,87
31,87
32,87
33,87
34,87
38,87
39,87
40,87
41,87
42,87
43,87
44,87
48,87
54,87
59,87
102,87
103,87
104,87
105,87
106,87
107,87
108,87
109,87
123,87
124,87
125,87
126,87
127,87
128,87
129,87
130,87
172,87
173,87
174,87
175,87
176,87
177,87
178,87
179,87
180,87
181,87
182,87
183,87
0,88
1,88
2,88
3,88
4,88
5,88
6,88
7,88
8,88
9,88
10,88
11,88
12,88
13,88
14,88
15,88
16,88
17,88
18,88
19,88
20,88
21,88
22,88
23,88
24,88
25,88
26,88
27,88
28,88
29,88
30,88
31,88
32,88
33,88
34,88
48,88
54,88
59,88
76,88
77,88
78,88
79,88
83,88
84,88
85,88
86,88
102,88
103,88
104,88
105,88
106,88
107,88
108,88
109,88
123,88
124,88
125,88
126,88
127,88
128,88
129,88
130,88
175,88
176,88
177,88
178,88
179,88
180,88
181,88
182,88
183,88
184,88
185,88
0,89
1,89
2,89
3,89
4,89
5,89
6,89
7,89
8,89
9,89
10,89
11,89
12,89
13,89
14,89
15,89
16,89
17,89
18,89
19,89
20,89
21,89
22,89
26,89
27,89
28,89
29,89
30,89
31,89
32,89
33,89
34,89
48,89
59,89
76,89
86,89
102,89
103,89
104,89
105,89
106,89
107,89
108,89
109,89
123,89
124,89
125,89
126,89
127,89
128,89
129,89
130,89
175,89
176,89
177,89
178,89
179,89
180,89
181,89
182,89
183,89
184,89
185,89
0,90
1,90
2,90
3,90
4,90
5,90
6,90
7,90
8,90
9,90
10,90
11,90
12,90
13,90
16,90
17,90
18,90
19,90
20,90
21,90
22,90
48,90
59,90
60,90
61,90
62,90
63,90
64,90
65,90
66,90
67,90
68,90
69,90
70,90
71,90
72,90
73,90
74,90
75,90
76,90
86,90
180,90
181,90
182,90
183,90
184,90
185,90
0,91
1,91
2,91
3,91
4,91
5,91
6,91
7,91
8,91
9,91
10,91
11,91
12,91
13,91
16,91
17,91
18,91
19,91
20,91
48,91
86,91
180,91
181,91
182,91
183,91
184,91
185,91
186,91
187,91
0,92
1,92
2,92
3,92
4,92
5,92
6,92
7,92
8,92
9,92
10,92
11,92
48,92
54,92
86,92
180,92
181,92
182,92
183,92
184,92
185,92
186,92
187,92
0,93
1,93
2,93
3,93
4,93
5,93
6,93
7,93
8,93
48,93
54,93
86,93
127,93
128,93
129,93
130,93
131,93
132,93
133,93
180,93
181,93
182,93
183,93
184,93
185,93
186,93
187,93
0,94
1,94
2,94
3,94
4,94
5,94
6,94
7,94
8,94
54,94
57,94
58,94
59,94
60,94
61,94
62,94
63,94
64,94
65,94
66,94
67,94
68,94
69,94
70,94
71,94
72,94
86,94
87,94
88,94
89,94
90,94
91,94
92,94
93,94
94,94
95,94
96,94
97,94
98,94
99,94
100,94
101,94
102,94
103,94
104,94
105,94
106,94
107,94
108,94
109,94
127,94
133,94
171,94
172,94
173,94
174,94
175,94
178,94
179,94
180,94
181,94
182,94
183,94
184,94
185,94
186,94
187,94
0,95
1,95
2,95
3,95
4,95
5,95
6,95
7,95
8,95
51,95
52,95
53,95
54,95
57,95
58,95
59,95
60,95
61,95
62,95
63,95
64,95
65,95
66,95
67,95
68,95
69,95
70,95
71,95
72,95
109,95
124,95
125,95
126,95
127,95
133,95
134,95
135,95
136,95
137,95
171,95
172,95
173,95
174,95
175,95
178,95
179,95
180,95
181,95
182,95
183,95
184,95
185,95
186,95
187,95
0,96
1,96
2,96
3,96
4,96
5,96
6,96
7,96
8,96
51,96
57,96
58,96
59,96
60,96
61,96
62,96
63,96
64,96
65,96
66,96
67,96
68,96
69,96
70,96
71,96
72,96
73,96
74,96
75,96
76,96
77,96
78,96
79,96
80,96
109,96
124,96
134,96
135,96
136,96
137,96
171,96
172,96
173,96
174,96
175,96
176,96
177,96
178,96
179,96
180,96
181,96
182,96
183,96
184,96
185,96
186,96
187,96
0,97
1,97
2,97
3,97
4,97
5,97
6,97
7,97
8,97
51,97
57,97
58,97
59,97
60,97
61,97
62,97
63,97
64,97
65,97
66,97
67,97
68,97
69,97
70,97
71,97
72,97
73,97
74,97
75,97
76,97
77,97
78,97
79,97
80,97
87,97
88,97
89,97
90,97
91,97
92,97
93,97
94,97
95,97
96,97
97,97
98,97
99,97
100,97
101,97
102,97
103,97
109,97
110,97
111,97
112,97
113,97
124,97
132,97
133,97
134,97
135,97
136,97
137,97
143,97
144,97
145,97
146,97
147,97
148,97
149,97
150,97
151,97
152,97
153,97
154,97
155,97
156,97
157,97
167,97
168,97
169,97
170,97
171,97
172,97
173,97
174,97
175,97
176,97
177,97
178,97
179,97
180,97
181,97
182,97
183,97
184,97
185,97
0,98
1,98
2,98
3,98
4,98
5,98
6,98
26,98
27,98
28,98
29,98
30,98
31,98
32,98
33,98
34,98
43,98
44,98
45,98
46,98
47,98
48,98
49,98
50,98
51,98
54,98
55,98
56,98
57,98
58,98
59,98
60,98
61,98
62,98
63,98
64,98
65,98
66,98
67,98
68,98
69,98
70,98
71,98
72,98
73,98
74,98
75,98
76,98
77,98
78,98
79,98
80,98
87,98
88,98
89,98
90,98
91,98
94,98
95,98
96,98
99,98
100,98
101,98
102,98
103,98
113,98
124,98
132,98
133,98
134,98
135,98
136,98
137,98
143,98
144,98
145,98
146,98
147,98
148,98
149,98
150,98
152,98
153,98
154,98
155,98
156,98
157,98
167,98
168,98
169,98
170,98
171,98
172,98
173,98
174,98
175,98
176,98
177,98
178,98
179,98
180,98
181,98
182,98
183,98
0,99
1,99
2,99
3,99
4,99
5,99
6,99
26,99
27,99
28,99
29,99
30,99
31,99
32,99
33,99
34,99
43,99
54,99
55,99
56,99
57,99
58,99
59,99
60,99
61,99
62,99
63,99
64,99
65,99
66,99
67,99
68,99
69,99
70,99
71,99
72,99
73,99
74,99
75,99
76,99
77,99
78,99
79,99
80,99
90,99
91,99
94,99
95,99
96,99
99,99
100,99
113,99
114,99
115,99
116,99
122,99
123,99
124,99
132,99
133,99
134,99
135,99
136,99
137,99
138,99
139,99
140,99
141,99
142,99
143,99
144,99
145,99
146,99
147,99
148,99
149,99
150,99
151,99
152,99
153,99
154,99
155,99
156,99
157,99
158,99
159,99
160,99
161,99
162,99
163,99
164,99
165,99
166,99
167,99
168,99
169,99
170,99
171,99
172,99
173,99
174,99
175,99
176,99
177,99
178,99
179,99
180,99
181,99
182,99
183,99
0,100
1,100
2,100
3,100
4,100
5,100
6,100
26,100
27,100
28,100
29,100
30,100
31,100
32,100
33,100
34,100
35,100
36,100
37,100
43,100
54,100
55,100
56,100
57,100
58,100
59,100
60,100
61,100
62,100
63,100
64,100
65,100
66,100
67,100
68,100
69,100
70,100
71,100
72,100
73,100
74,100
75,100
76,100
77,100
78,100
79,100
80,100
132,100
133,100
134,100
135,100
136,100
137,100
138,100
139,100
140,100
141,100
142,100
143,100
144,100
145,100
146,100
147,100
148,100
149,100
150,100
151,100
152,100
153,100
154,100
155,100
156,100
157,100
158,100
159,100
160,100
161,100
162,100
163,100
164,100
165,100
166,100
167,100
168,100
169,100
170,100
171,100
172,100
173,100
174,100
175,100
176,100
177,100
178,100
179,100
180,100
0,101
1,101
2,101
3,101
4,101
22,101
23,101
24,101
25,101
26,101
27,101
28,101
29,101
30,101
31,101
32,101
33,101
34,101
35,101
36,101
37,101
39,101
41,101
43,101
44,101
45,101
46,101
47,101
48,101
49,101
50,101
51,101
52,101
53,101
54,101
55,101
56,101
57,101
58,101
59,101
60,101
61,101
62,101
63,101
64,101
65,101
66,101
67,101
68,101
69,101
70,101
71,101
72,101
73,101
74,101
75,101
76,101
77,101
78,101
79,101
80,101
129,101
130,101
131,101
132,101
133,101
134,101
135,101
136,101
137,101
138,101
139,101
140,101
141,101
142,101
143,101
144,101
145,101
146,101
147,101
148,101
149,101
150,101
151,101
152,101
153,101
154,101
155,101
156,101
157,101
158,101
159,101
160,101
161,101
162,101
163,101
164,101
165,101
166,101
167,101
168,101
169,101
170,101
171,101
172,101
173,101
0,102
1,102
2,102
3,102
4,102
22,102
23,102
24,102
25,102
26,102
27,102
28,102
29,102
30,102
31,102
32,102
33,102
34,102
35,102
36,102
37,102
38,102
39,102
40,102
41,102
42,102
43,102
44,102
45,102
46,102
47,102
48,102
49,102
50,102
51,102
52,102
53,102
54,102
55,102
56,102
57,102
58,102
59,102
60,102
61,102
62,102
63,102
64,102
65,102
66,102
67,102
68,102
69,102
70,102
71,102
72,102
73,102
74,102
75,102
76,102
77,102
78,102
79,102
80,102
87,102
103,102
129,102
130,102
131,102
132,102
133,102
134,102
135,102
136,102
137,102
138,102
139,102
140,102
141,102
142,102
143,102
144,102
145,102
146,102
147,102
148,102
149,102
150,102
151,102
152,102
153,102
154,102
155,102
156,102
157,102
158,102
159,102
160,102
161,102
162,102
163,102
164,102
165,102
166,102
167,102
168,102
169,102
170,102
171,102
0,103
1,103
2,103
3,103
4,103
5,103
6,103
22,103
23,103
24,103
25,103
26,103
27,103
28,103
29,103
30,103
31,103
32,103
33,103
34,103
35,103
36,103
37,103
38,103
39,103
40,103
41,103
42,103
43,103
44,103
45,103
46,103
47,103
48,103
49,103
50,103
51,103
52,103
53,103
54,103
55,103
56,103
57,103
58,103
59,103
60,103
61,103
62,103
63,103
64,103
65,103
66,103
67,103
68,103
69,103
70,103
71,103
72,103
73,103
74,103
75,103
76,103
77,103
78,103
79,103
80,103
87,103
88,103
89,103
90,103
91,103
99,103
100,103
101,103
102,103
103,103
113,103
114,103
115,103
116,103
122,103
123,103
124,103
125,103
126,103
129,103
130,103
131,103
132,103
133,103
134,103
135,103
136,103
137,103
138,103
139,103
140,103
141,103
142,103
143,103
144,103
145,103
0,104
1,104
2,104
3,104
4,104
5,104
6,104
22,104
23,104
24,104
25,104
26,104
27,104
28,104
29,104
30,104
31,104
32,104
33,104
34,104
35,104
36,104
37,104
38,104
39,104
40,104
41,104
42,104
43,104
44,104
45,104
46,104
47,104
48,104
49,104
50,104
51,104
52,104
53,104
54,104
55,104
56,104
57,104
58,104
59,104
60,104
61,104
62,104
63,104
64,104
65,104
66,104
67,104
68,104
69,104
70,104
71,104
72,104
73,104
74,104
75,104
76,104
77,104
78,104
79,104
80,104
87,104
88,104
89,104
90,104
91,104
99,104
100,104
101,104
102,104
103,104
113,104
114,104
115,104
116,104
122,104
123,104
124,104
125,104
126,104
129,104
130,104
131,104
132,104
133,104
134,104
135,104
136,104
137,104
138,104
139,104
140,104
141,104
142,104
143,104
144,104
145,104
0,105
1,105
2,105
3,105
4,105
5,105
6,105
7,105
8,105
22,105
23,105
24,105
25,105
26,105
27,105
28,105
29,105
30,105
31,105
32,105
33,105
34,105
35,105
36,105
37,105
38,105
39,105
40,105
41,105
42,105
43,105
44,105
45,105
46,105
47,105
48,105
49,105
50,105
51,105
52,105
53,105
54,105
55,105
56,105
57,105
58,105
59,105
60,105
61,105
62,105
63,105
64,105
65,105
66,105
67,105
68,105
69,105
70,105
71,105
72,105
73,105
74,105
75,105
76,105
77,105
78,105
79,105
80,105
108,105
109,105
110,105
111,105
112,105
113,105
126,105
129,105
130,105
131,105
132,105
133,105
134,105
135,105
136,105
137,105
138,105
139,105
140,105
141,105
142,105
0,106
1,106
2,106
3,106
4,106
5,106
6,106
7,106
8,106
24,106
25,106
26,106
27,106
28,106
29,106
30,106
31,106
32,106
33,106
34,106
35,106
36,106
37,106
38,106
39,106
40,106
41,106
42,106
43,106
44,106
45,106
46,106
47,106
48,106
49,106
50,106
51,106
52,106
53,106
54,106
55,106
56,106
57,106
58,106
59,106
60,106
61,106
62,106
63,106
64,106
65,106
66,106
67,106
68,106
69,106
70,106
71,106
72,106
73,106
74,106
75,106
76,106
108,106
109,106
110,106
111,106
112,106
113,106
126,106
127,106
128,106
129,106
130,106
131,106
132,106
133,106
134,106
135,106
136,106
137,106
138,106
139,106
140,106
0,107
1,107
2,107
3,107
4,107
5,107
6,107
7,107
8,107
24,107
25,107
26,107
27,107
28,107
29,107
30,107
31,107
32,107
33,107
34,107
35,107
36,107
37,107
38,107
39,107
40,107
41,107
42,107
43,107
44,107
45,107
46,107
47,107
48,107
49,107
50,107
51,107
52,107
53,107
54,107
55,107
56,107
57,107
58,107
59,107
60,107
61,107
62,107
63,107
64,107
65,107
66,107
67,107
68,107
69,107
70,107
71,107
72,107
73,107
74,107
75,107
76,107
108,107
126,107
127,107
128,107
129,107
130,107
131,107
132,107
133,107
134,107
135,107
136,107
137,107
138,107
139,107
140,107
0,108
1,108
2,108
3,108
4,108
5,108
6,108
7,108
8,108
22,108
23,108
24,108
25,108
26,108
27,108
28,108
29,108
30,108
31,108
32,108
33,108
34,108
35,108
36,108
37,108
38,108
39,108
40,108
41,108
42,108
43,108
44,108
45,108
46,108
47,108
48,108
49,108
50,108
51,108
52,108
53,108
54,108
55,108
56,108
57,108
58,108
59,108
60,108
61,108
62,108
63,108
64,108
65,108
66,108
67,108
68,108
69,108
70,108
71,108
72,108
73,108
74,108
75,108
76,108
108,108
126,108
127,108
128,108
129,108
130,108
131,108
132,108
133,108
134,108
135,108
136,108
137,108
138,108
139,108
140,108
156,108
157,108
158,108
159,108
160,108
161,108
162,108
163,108
164,108
165,108
166,108
167,108
0,109
1,109
2,109
3,109
4,109
5,109
6,109
7,109
8,109
22,109
23,109
24,109
25,109
26,109
27,109
28,109
29,109
30,109
31,109
32,109
33,109
34,109
35,109
36,109
37,109
38,109
39,109
40,109
41,109
42,109
43,109
44,109
45,109
46,109
47,109
48,109
49,109
50,109
51,109
52,109
53,109
54,109
55,109
56,109
57,109
58,109
59,109
60,109
61,109
62,109
63,109
64,109
65,109
66,109
67,109
68,109
69,109
70,109
71,109
72,109
73,109
74,109
75,109
76,109
108,109
114,109
125,109
126,109
127,109
128,109
129,109
130,109
131,109
132,109
133,109
134,109
135,109
136,109
137,109
138,109
156,109
157,109
160,109
161,109
162,109
163,109
166,109
0,110
1,110
2,110
3,110
22,110
23,110
24,110
25,110
26,110
27,110
28,110
29,110
30,110
31,110
32,110
33,110
34,110
35,110
36,110
37,110
38,110
39,110
40,110
41,110
42,110
43,110
44,110
45,110
46,110
47,110
48,110
49,110
50,110
51,110
52,110
53,110
54,110
55,110
56,110
57,110
58,110
59,110
60,110
61,110
62,110
63,110
64,110
65,110
66,110
67,110
68,110
69,110
70,110
71,110
72,110
73,110
74,110
75,110
76,110
102,110
103,110
104,110
105,110
106,110
107,110
108,110
111,110
112,110
113,110
114,110
125,110
126,110
127,110
128,110
129,110
130,110
131,110
132,110
133,110
134,110
135,110
136,110
137,110
138,110
156,110
157,110
160,110
161,110
162,110
163,110
166,110
0,111
1,111
2,111
3,111
19,111
20,111
21,111
22,111
23,111
24,111
25,111
26,111
27,111
28,111
29,111
30,111
31,111
32,111
33,111
34,111
35,111
36,111
37,111
38,111
39,111
40,111
41,111
42,111
43,111
44,111
45,111
46,111
47,111
48,111
49,111
50,111
51,111
52,111
53,111
54,111
55,111
56,111
57,111
58,111
59,111
60,111
61,111
62,111
63,111
64,111
65,111
66,111
67,111
68,111
69,111
70,111
71,111
72,111
73,111
74,111
75,111
76,111
102,111
103,111
104,111
105,111
106,111
107,111
108,111
111,111
112,111
113,111
114,111
125,111
126,111
127,111
128,111
129,111
130,111
131,111
132,111
133,111
134,111
135,111
136,111
137,111
138,111
0,112
1,112
2,112
3,112
19,112
20,112
21,112
22,112
23,112
24,112
25,112
26,112
27,112
28,112
29,112
30,112
31,112
32,112
33,112
34,112
35,112
36,112
37,112
38,112
39,112
40,112
41,112
42,112
43,112
44,112
45,112
46,112
47,112
48,112
49,112
50,112
51,112
52,112
53,112
54,112
55,112
56,112
57,112
58,112
59,112
60,112
61,112
62,112
63,112
64,112
65,112
66,112
67,112
68,112
69,112
70,112
71,112
72,112
73,112
74,112
75,112
76,112
102,112
103,112
104,112
105,112
106,112
107,112
108,112
109,112
110,112
111,112
112,112
113,112
114,112
125,112
126,112
127,112
128,112
129,112
130,112
131,112
132,112
133,112
134,112
135,112
136,112
137,112
138,112
0,113
1,113
2,113
3,113
19,113
20,113
21,113
22,113
23,113
24,113
25,113
26,113
27,113
28,113
29,113
30,113
31,113
32,113
33,113
34,113
35,113
36,113
37,113
38,113
39,113
42,113
43,113
44,113
45,113
46,113
47,113
48,113
49,113
50,113
51,113
52,113
53,113
54,113
55,113
56,113
57,113
58,113
59,113
60,113
61,113
62,113
63,113
64,113
65,113
66,113
67,113
68,113
69,113
70,113
71,113
72,113
73,113
74,113
75,113
76,113
102,113
103,113
104,113
105,113
106,113
107,113
108,113
109,113
110,113
111,113
112,113
113,113
114,113
125,113
126,113
127,113
128,113
129,113
130,113
131,113
132,113
133,113
134,113
135,113
136,113
137,113
138,113
0,114
1,114
2,114
3,114
17,114
18,114
19,114
20,114
21,114
22,114
23,114
24,114
25,114
26,114
27,114
28,114
29,114
30,114
31,114
34,114
35,114
36,114
37,114
38,114
39,114
42,114
43,114
44,114
45,114
46,114
47,114
48,114
49,114
50,114
51,114
52,114
53,114
54,114
55,114
56,114
57,114
58,114
59,114
60,114
61,114
62,114
63,114
64,114
65,114
66,114
67,114
68,114
69,114
70,114
71,114
72,114
73,114
74,114
75,114
76,114
96,114
97,114
98,114
99,114
100,114
101,114
102,114
103,114
104,114
105,114
106,114
107,114
108,114
109,114
110,114
111,114
112,114
113,114
114,114
125,114
126,114
127,114
128,114
129,114
130,114
131,114
132,114
133,114
134,114
135,114
136,114
137,114
138,114
139,114
140,114
0,115
17,115
18,115
19,115
20,115
21,115
22,115
23,115
24,115
25,115
26,115
27,115
28,115
42,115
43,115
44,115
45,115
46,115
47,115
48,115
49,115
50,115
51,115
52,115
53,115
54,115
55,115
56,115
57,115
60,115
61,115
62,115
63,115
64,115
65,115
66,115
67,115
68,115
69,115
70,115
71,115
72,115
73,115
74,115
75,115
76,115
96,115
97,115
98,115
99,115
100,115
101,115
102,115
103,115
104,115
105,115
106,115
107,115
108,115
109,115
110,115
111,115
112,115
113,115
114,115
125,115
126,115
127,115
128,115
129,115
130,115
131,115
132,115
133,115
134,115
135,115
136,115
137,115
138,115
139,115
140,115
0,116
17,116
18,116
19,116
20,116
21,116
22,116
23,116
24,116
25,116
26,116
27,116
28,116
45,116
46,116
47,116
48,116
49,116
50,116
51,116
52,116
53,116
60,116
61,116
62,116
63,116
64,116
65,116
66,116
67,116
68,116
69,116
76,116
77,116
78,116
79,116
96,116
97,116
98,116
99,116
100,116
101,116
102,116
103,116
104,116
105,116
106,116
107,116
108,116
109,116
110,116
111,116
112,116
113,116
114,116
125,116
126,116
127,116
128,116
129,116
130,116
131,116
132,116
133,116
134,116
135,116
136,116
137,116
138,116
139,116
140,116
141,116
142,116
0,117
1,117
2,117
17,117
18,117
19,117
20,117
21,117
22,117
23,117
24,117
25,117
26,117
27,117
28,117
45,117
46,117
47,117
48,117
49,117
50,117
51,117
52,117
53,117
60,117
61,117
62,117
63,117
64,117
65,117
66,117
67,117
68,117
69,117
76,117
77,117
78,117
79,117
96,117
97,117
98,117
99,117
100,117
101,117
102,117
103,117
104,117
105,117
106,117
107,117
108,117
109,117
110,117
111,117
112,117
113,117
114,117
125,117
126,117
127,117
128,117
129,117
130,117
131,117
135,117
136,117
137,117
138,117
139,117
140,117
141,117
142,117
0,118
1,118
2,118
19,118
20,118
21,118
22,118
23,118
24,118
25,118
26,118
27,118
28,118
45,118
46,118
47,118
48,118
49,118
50,118
51,118
52,118
53,118
60,118
61,118
62,118
63,118
64,118
65,118
66,118
67,118
68,118
79,118
82,118
83,118
84,118
85,118
88,118
89,118
90,118
91,118
92,118
96,118
97,118
98,118
99,118
100,118
101,118
102,118
103,118
104,118
105,118
106,118
107,118
108,118
109,118
110,118
111,118
112,118
113,118
114,118
125,118
135,118
136,118
137,118
138,118
139,118
140,118
141,118
142,118
0,119
1,119
2,119
19,119
20,119
21,119
22,119
23,119
24,119
25,119
26,119
27,119
28,119
45,119
46,119
47,119
48,119
49,119
50,119
51,119
52,119
53,119
60,119
61,119
62,119
63,119
64,119
65,119
66,119
67,119
68,119
79,119
82,119
83,119
84,119
85,119
88,119
89,119
90,119
91,119
92,119
96,119
97,119
98,119
99,119
100,119
101,119
102,119
103,119
104,119
105,119
106,119
107,119
108,119
109,119
110,119
111,119
112,119
114,119
125,119
137,119
138,119
139,119
140,119
141,119
142,119
0,120
1,120
2,120
3,120
4,120
19,120
20,120
21,120
22,120
23,120
24,120
25,120
26,120
43,120
44,120
45,120
46,120
47,120
48,120
49,120
50,120
51,120
52,120
53,120
60,120
61,120
62,120
63,120
64,120
65,120
66,120
67,120
68,120
79,120
82,120
92,120
93,120
94,120
95,120
96,120
97,120
98,120
99,120
100,120
101,120
102,120
103,120
104,120
105,120
106,120
107,120
108,120
109,120
110,120
111,120
112,120
137,120
138,120
139,120
140,120
141,120
142,120
143,120
144,120
145,120
146,120
147,120
0,121
1,121
2,121
3,121
4,121
43,121
44,121
45,121
46,121
47,121
48,121
49,121
50,121
51,121
52,121
53,121
60,121
61,121
62,121
63,121
64,121
65,121
66,121
67,121
68,121
69,121
70,121
71,121
72,121
75,121
76,121
77,121
78,121
79,121
82,121
92,121
93,121
94,121
95,121
96,121
97,121
98,121
99,121
100,121
101,121
102,121
103,121
104,121
105,121
106,121
107,121
108,121
109,121
110,121
111,121
112,121
137,121
138,121
139,121
140,121
141,121
142,121
143,121
144,121
145,121
146,121
147,121
0,122
1,122
2,122
3,122
4,122
43,122
44,122
45,122
46,122
47,122
48,122
49,122
50,122
51,122
52,122
53,122
60,122
61,122
62,122
63,122
64,122
65,122
66,122
67,122
68,122
69,122
70,122
71,122
72,122
75,122
82,122
96,122
97,122
98,122
99,122
100,122
101,122
102,122
103,122
104,122
105,122
106,122
107,122
108,122
109,122
110,122
111,122
112,122
139,122
140,122
141,122
142,122
143,122
144,122
145,122
146,122
147,122
148,122
149,122
0,123
1,123
2,123
3,123
4,123
43,123
44,123
45,123
46,123
47,123
48,123
49,123
50,123
51,123
52,123
53,123
60,123
61,123
62,123
63,123
64,123
65,123
66,123
67,123
68,123
69,123
70,123
71,123
72,123
75,123
82,123
96,123
97,123
98,123
99,123
100,123
101,123
102,123
103,123
104,123
105,123
106,123
107,123
108,123
109,123
110,123
139,123
140,123
141,123
142,123
143,123
144,123
145,123
146,123
147,123
148,123
149,123
0,124
1,124
2,124
3,124
4,124
43,124
44,124
45,124
46,124
47,124
48,124
49,124
50,124
51,124
52,124
53,124
60,124
61,124
62,124
63,124
64,124
65,124
66,124
67,124
68,124
69,124
70,124
71,124
72,124
75,124
82,124
96,124
97,124
98,124
99,124
100,124
101,124
102,124
103,124
104,124
105,124
106,124
107,124
108,124
109,124
110,124
141,124
142,124
143,124
144,124
145,124
146,124
147,124
148,124
149,124
0,125
1,125
2,125
3,125
4,125
5,125
6,125
43,125
44,125
45,125
46,125
47,125
48,125
49,125
50,125
51,125
52,125
53,125
60,125
61,125
62,125
63,125
64,125
65,125
66,125
67,125
68,125
69,125
70,125
71,125
72,125
75,125
76,125
77,125
78,125
79,125
80,125
81,125
82,125
87,125
88,125
89,125
90,125
91,125
92,125
93,125
94,125
95,125
96,125
97,125
98,125
99,125
100,125
101,125
102,125
103,125
104,125
105,125
106,125
107,125
108,125
109,125
141,125
142,125
143,125
144,125
145,125
146,125
147,125
148,125
149,125
150,125
151,125
0,126
1,126
2,126
3,126
4,126
5,126
6,126
43,126
44,126
45,126
46,126
47,126
48,126
49,126
50,126
51,126
52,126
53,126
60,126
61,126
62,126
63,126
64,126
65,126
66,126
67,126
68,126
69,126
70,126
71,126
72,126
75,126
76,126
77,126
78,126
79,126
80,126
81,126
82,126
87,126
88,126
89,126
90,126
91,126
92,126
93,126
94,126
95,126
101,126
102,126
103,126
104,126
105,126
106,126
107,126
108,126
109,126
145,126
146,126
147,126
148,126
149,126
150,126
151,126
0,127
1,127
2,127
3,127
4,127
5,127
6,127
43,127
44,127
45,127
46,127
47,127
48,127
49,127
50,127
51,127
52,127
53,127
64,127
65,127
66,127
67,127
68,127
69,127
70,127
71,127
72,127
87,127
88,127
89,127
90,127
91,127
92,127
93,127
94,127
95,127
96,127
97,127
98,127
99,127
100,127
101,127
102,127
103,127
104,127
105,127
106,127
107,127
108,127
109,127
145,127
146,127
147,127
148,127
149,127
150,127
151,127
0,128
1,128
2,128
3,128
4,128
5,128
6,128
45,128
46,128
47,128
48,128
49,128
50,128
51,128
53,128
54,128
55,128
56,128
57,128
58,128
59,128
60,128
61,128
62,128
63,128
64,128
65,128
66,128
67,128
68,128
69,128
70,128
71,128
72,128
87,128
88,128
89,128
90,128
91,128
92,128
93,128
94,128
95,128
96,128
97,128
98,128
99,128
100,128
101,128
102,128
103,128
104,128
105,128
106,128
107,128
108,128
109,128
147,128
148,128
149,128
150,128
151,128
162,128
163,128
164,128
165,128
166,128
167,128
0,129
1,129
2,129
3,129
4,129
5,129
6,129
45,129
46,129
47,129
48,129
49,129
50,129
51,129
52,129
53,129
54,129
55,129
56,129
57,129
58,129
59,129
60,129
61,129
62,129
63,129
64,129
65,129
66,129
67,129
68,129
69,129
70,129
71,129
72,129
80,129
81,129
82,129
83,129
84,129
85,129
86,129
87,129
88,129
89,129
90,129
91,129
92,129
93,129
94,129
95,129
96,129
97,129
98,129
99,129
100,129
101,129
102,129
103,129
104,129
105,129
106,129
107,129
108,129
109,129
147,129
148,129
149,129
150,129
151,129
152,129
153,129
154,129
162,129
165,129
166,129
167,129
0,130
1,130
2,130
3,130
4,130
5,130
6,130
41,130
42,130
43,130
44,130
45,130
46,130
47,130
48,130
49,130
50,130
51,130
52,130
53,130
54,130
55,130
56,130
57,130
58,130
59,130
60,130
61,130
62,130
63,130
64,130
65,130
66,130
67,130
68,130
69,130
70,130
71,130
72,130
80,130
81,130
82,130
83,130
84,130
85,130
86,130
87,130
88,130
89,130
90,130
91,130
92,130
93,130
94,130
95,130
96,130
97,130
98,130
99,130
100,130
101,130
102,130
103,130
104,130
105,130
106,130
107,130
147,130
148,130
149,130
150,130
151,130
152,130
153,130
154,130
162,130
165,130
166,130
167,130
0,131
1,131
2,131
3,131
4,131
41,131
42,131
43,131
44,131
45,131
46,131
47,131
48,131
49,131
50,131
51,131
52,131
53,131
54,131
55,131
56,131
57,131
58,131
59,131
60,131
61,131
62,131
63,131
64,131
65,131
66,131
67,131
68,131
69,131
70,131
71,131
72,131
73,131
74,131
75,131
76,131
77,131
78,131
79,131
80,131
81,131
82,131
83,131
84,131
85,131
86,131
87,131
88,131
89,131
90,131
91,131
92,131
93,131
94,131
95,131
96,131
97,131
98,131
99,131
100,131
101,131
102,131
103,131
104,131
105,131
106,131
107,131
133,131
134,131
135,131
136,131
137,131
138,131
139,131
140,131
147,131
148,131
149,131
150,131
151,131
152,131
153,131
154,131
155,131
156,131
0,132
1,132
2,132
3,132
4,132
39,132
40,132
41,132
42,132
43,132
44,132
45,132
46,132
47,132
48,132
49,132
50,132
51,132
52,132
53,132
54,132
55,132
56,132
57,132
58,132
59,132
60,132
61,132
62,132
63,132
64,132
65,132
66,132
67,132
68,132
69,132
70,132
71,132
72,132
73,132
74,132
75,132
76,132
77,132
78,132
79,132
80,132
81,132
82,132
83,132
84,132
85,132
86,132
87,132
88,132
89,132
90,132
91,132
92,132
93,132
94,132
95,132
96,132
97,132
98,132
99,132
100,132
101,132
102,132
103,132
104,132
105,132
106,132
107,132
133,132
134,132
135,132
138,132
139,132
140,132
149,132
150,132
151,132
152,132
153,132
154,132
155,132
156,132
0,133
1,133
2,133
3,133
4,133
39,133
40,133
41,133
42,133
43,133
44,133
45,133
46,133
47,133
48,133
49,133
50,133
51,133
52,133
53,133
54,133
55,133
56,133
57,133
58,133
59,133
60,133
61,133
62,133
63,133
64,133
65,133
66,133
67,133
68,133
69,133
70,133
71,133
72,133
73,133
74,133
75,133
76,133
77,133
78,133
79,133
80,133
81,133
82,133
83,133
84,133
85,133
86,133
87,133
88,133
89,133
90,133
91,133
92,133
93,133
94,133
95,133
96,133
97,133
98,133
99,133
100,133
101,133
102,133
103,133
104,133
105,133
106,133
107,133
133,133
134,133
135,133
138,133
139,133
140,133
149,133
150,133
151,133
152,133
153,133
154,133
155,133
156,133
0,134
1,134
2,134
39,134
40,134
41,134
42,134
43,134
44,134
45,134
46,134
47,134
48,134
49,134
50,134
51,134
52,134
53,134
54,134
55,134
56,134
57,134
58,134
59,134
60,134
61,134
62,134
63,134
64,134
65,134
66,134
67,134
68,134
69,134
70,134
71,134
72,134
73,134
74,134
75,134
76,134
77,134
78,134
79,134
80,134
81,134
82,134
83,134
84,134
85,134
86,134
87,134
88,134
89,134
90,134
91,134
92,134
93,134
94,134
95,134
96,134
97,134
98,134
99,134
100,134
101,134
102,134
103,134
104,134
105,134
106,134
107,134
149,134
150,134
151,134
152,134
153,134
154,134
155,134
156,134
157,134
158,134
0,135
1,135
2,135
39,135
40,135
41,135
42,135
43,135
44,135
45,135
46,135
47,135
48,135
49,135
50,135
51,135
52,135
53,135
54,135
55,135
56,135
57,135
58,135
59,135
60,135
61,135
62,135
63,135
64,135
65,135
66,135
67,135
68,135
69,135
70,135
71,135
72,135
73,135
74,135
75,135
76,135
77,135
78,135
79,135
80,135
81,135
82,135
83,135
84,135
85,135
86,135
87,135
88,135
92,135
93,135
94,135
95,135
96,135
97,135
98,135
99,135
100,135
101,135
102,135
103,135
104,135
149,135
150,135
151,135
152,135
153,135
154,135
155,135
156,135
157,135
158,135
42,136
43,136
44,136
45,136
46,136
47,136
48,136
49,136
50,136
51,136
52,136
53,136
54,136
55,136
56,136
57,136
58,136
59,136
60,136
61,136
65,136
66,136
67,136
68,136
69,136
70,136
71,136
72,136
73,136
74,136
75,136
76,136
77,136
78,136
79,136
80,136
81,136
82,136
83,136
84,136
85,136
86,136
87,136
88,136
92,136
93,136
94,136
95,136
96,136
97,136
98,136
99,136
100,136
101,136
102,136
103,136
104,136
149,136
150,136
151,136
152,136
153,136
154,136
155,136
156,136
157,136
158,136
42,137
43,137
44,137
45,137
46,137
47,137
48,137
49,137
50,137
51,137
52,137
53,137
54,137
55,137
56,137
57,137
65,137
66,137
67,137
68,137
69,137
70,137
71,137
72,137
73,137
74,137
75,137
76,137
77,137
78,137
79,137
80,137
81,137
82,137
83,137
84,137
85,137
86,137
92,137
93,137
94,137
95,137
96,137
152,137
153,137
154,137
155,137
156,137
157,137
158,137
181,137
182,137
183,137
184,137
72,138
73,138
74,138
75,138
76,138
77,138
78,138
79,138
80,138
81,138
82,138
83,138
84,138
152,138
153,138
154,138
155,138
156,138
157,138
158,138
167,138
168,138
169,138
170,138
171,138
172,138
181,138
182,138
183,138
184,138
72,139
73,139
74,139
75,139
76,139
77,139
78,139
79,139
80,139
81,139
82,139
83,139
84,139
150,139
151,139
152,139
153,139
154,139
155,139
156,139
157,139
158,139
167,139
168,139
169,139
170,139
171,139
172,139
14,140
15,140
16,140
17,140
18,140
19,140
20,140
21,140
22,140
23,140
24,140
25,140
26,140
27,140
28,140
150,140
151,140
152,140
153,140
154,140
155,140
156,140
157,140
158,140
159,140
160,140
165,140
166,140
167,140
168,140
169,140
170,140
171,140
172,140
14,141
15,141
16,141
17,141
18,141
19,141
20,141
21,141
22,141
23,141
24,141
25,141
26,141
27,141
28,141
148,141
149,141
150,141
151,141
152,141
153,141
154,141
155,141
156,141
157,141
158,141
159,141
160,141
165,141
166,141
167,141
168,141
169,141
170,141
171,141
172,141
14,142
15,142
16,142
17,142
18,142
19,142
20,142
21,142
22,142
23,142
24,142
25,142
26,142
27,142
28,142
148,142
149,142
150,142
151,142
152,142
153,142
154,142
155,142
156,142
157,142
158,142
159,142
160,142
161,142
162,142
163,142
164,142
165,142
166,142
167,142
168,142
169,142
170,142
171,142
172,142
14,143
15,143
16,143
17,143
18,143
19,143
20,143
21,143
22,143
23,143
24,143
25,143
26,143
27,143
28,143
32,143
33,143
34,143
35,143
36,143
37,143
38,143
48,143
52,143
71,143
76,143
148,143
149,143
150,143
151,143
152,143
153,143
154,143
155,143
156,143
157,143
158,143
159,143
160,143
161,143
162,143
163,143
164,143
165,143
166,143
167,143
168,143
169,143
170,143
171,143
172,143
173,143
174,143
175,143
14,144
15,144
16,144
17,144
18,144
19,144
20,144
21,144
22,144
23,144
24,144
25,144
26,144
27,144
28,144
32,144
33,144
34,144
35,144
36,144
37,144
38,144
46,144
47,144
48,144
52,144
53,144
54,144
69,144
70,144
71,144
76,144
77,144
78,144
84,144
85,144
86,144
87,144
88,144
89,144
90,144
91,144
92,144
93,144
94,144
95,144
96,144
97,144
98,144
99,144
148,144
149,144
150,144
151,144
152,144
153,144
154,144
155,144
156,144
157,144
158,144
159,144
160,144
161,144
162,144
163,144
164,144
165,144
166,144
167,144
168,144
169,144
170,144
171,144
172,144
173,144
174,144
175,144
14,145
15,145
16,145
17,145
18,145
19,145
20,145
21,145
22,145
23,145
24,145
25,145
26,145
27,145
28,145
32,145
38,145
46,145
47,145
48,145
52,145
53,145
54,145
69,145
70,145
71,145
76,145
77,145
78,145
84,145
85,145
86,145
87,145
88,145
89,145
90,145
91,145
92,145
93,145
94,145
95,145
96,145
97,145
98,145
99,145
139,145
140,145
141,145
142,145
143,145
144,145
145,145
146,145
147,145
148,145
149,145
150,145
151,145
152,145
153,145
154,145
158,145
159,145
160,145
161,145
162,145
163,145
164,145
165,145
166,145
167,145
168,145
169,145
170,145
171,145
172,145
173,145
174,145
175,145
14,146
15,146
16,146
17,146
18,146
21,146
24,146
25,146
26,146
27,146
28,146
32,146
38,146
46,146
54,146
58,146
59,146
60,146
61,146
62,146
63,146
64,146
65,146
66,146
67,146
68,146
69,146
78,146
81,146
82,146
83,146
84,146
98,146
99,146
107,146
112,146
139,146
140,146
141,146
142,146
143,146
144,146
145,146
146,146
147,146
148,146
149,146
150,146
151,146
152,146
153,146
154,146
158,146
159,146
160,146
161,146
162,146
163,146
164,146
165,146
166,146
167,146
168,146
169,146
170,146
171,146
172,146
173,146
174,146
175,146
14,147
15,147
16,147
17,147
18,147
21,147
24,147
25,147
26,147
27,147
28,147
32,147
33,147
38,147
39,147
43,147
44,147
45,147
46,147
54,147
58,147
59,147
60,147
61,147
62,147
63,147
64,147
65,147
66,147
67,147
68,147
69,147
78,147
81,147
82,147
83,147
84,147
98,147
99,147
100,147
105,147
106,147
107,147
112,147
113,147
114,147
139,147
140,147
141,147
142,147
143,147
144,147
145,147
146,147
147,147
148,147
149,147
150,147
151,147
152,147
153,147
154,147
163,147
164,147
165,147
166,147
167,147
168,147
169,147
170,147
171,147
172,147
173,147
174,147
175,147
14,148
15,148
16,148
17,148
18,148
24,148
25,148
26,148
27,148
28,148
33,148
38,148
39,148
43,148
44,148
45,148
46,148
54,148
55,148
56,148
57,148
58,148
59,148
60,148
61,148
62,148
63,148
64,148
65,148
66,148
67,148
68,148
69,148
70,148
71,148
78,148
79,148
80,148
81,148
98,148
99,148
100,148
105,148
106,148
107,148
112,148
113,148
114,148
139,148
140,148
141,148
142,148
143,148
144,148
145,148
146,148
147,148
148,148
149,148
150,148
151,148
152,148
153,148
154,148
167,148
168,148
169,148
170,148
171,148
172,148
173,148
174,148
175,148
14,149
15,149
16,149
17,149
18,149
24,149
25,149
26,149
27,149
28,149
33,149
34,149
37,149
38,149
39,149
43,149
44,149
45,149
46,149
54,149
55,149
56,149
57,149
58,149
59,149
60,149
61,149
62,149
63,149
64,149
65,149
66,149
67,149
68,149
69,149
70,149
71,149
78,149
79,149
80,149
81,149
100,149
101,149
102,149
103,149
104,149
105,149
114,149
115,149
116,149
139,149
140,149
141,149
142,149
143,149
144,149
145,149
146,149
147,149
148,149
149,149
150,149
151,149
152,149
153,149
154,149
14,150
15,150
16,150
17,150
18,150
24,150
25,150
26,150
27,150
28,150
34,150
37,150
43,150
44,150
45,150
46,150
56,150
57,150
58,150
59,150
71,150
77,150
78,150
79,150
80,150
81,150
82,150
83,150
84,150
85,150
86,150
87,150
88,150
89,150
90,150
91,150
92,150
93,150
94,150
95,150
100,150
101,150
102,150
103,150
104,150
105,150
114,150
115,150
116,150
135,150
136,150
137,150
138,150
139,150
140,150
141,150
142,150
143,150
144,150
145,150
146,150
147,150
148,150
149,150
150,150
151,150
152,150
153,150
154,150
0,151
1,151
2,151
14,151
15,151
16,151
17,151
18,151
24,151
25,151
26,151
27,151
28,151
34,151
37,151
43,151
56,151
57,151
58,151
59,151
71,151
72,151
76,151
77,151
78,151
79,151
80,151
81,151
82,151
83,151
84,151
85,151
86,151
87,151
88,151
89,151
90,151
91,151
92,151
93,151
94,151
95,151
114,151
115,151
116,151
135,151
136,151
137,151
138,151
139,151
140,151
141,151
142,151
143,151
144,151
145,151
146,151
147,151
148,151
0,152
1,152
2,152
9,152
10,152
33,152
34,152
37,152
43,152
56,152
71,152
72,152
76,152
77,152
95,152
107,152
108,152
109,152
110,152
111,152
112,152
113,152
114,152
115,152
135,152
136,152
137,152
138,152
139,152
140,152
141,152
142,152
143,152
144,152
145,152
146,152
147,152
148,152
167,152
168,152
169,152
170,152
171,152
172,152
173,152
174,152
175,152
2,153
9,153
10,153
33,153
34,153
37,153
38,153
39,153
40,153
41,153
42,153
43,153
48,153
49,153
50,153
56,153
62,153
63,153
64,153
65,153
66,153
67,153
71,153
72,153
76,153
77,153
95,153
96,153
107,153
108,153
109,153
112,153
113,153
114,153
115,153
135,153
136,153
137,153
138,153
139,153
140,153
141,153
142,153
143,153
144,153
145,153
146,153
167,153
168,153
169,153
170,153
171,153
172,153
173,153
174,153
175,153
2,154
9,154
10,154
11,154
12,154
18,154
24,154
33,154
37,154
38,154
39,154
40,154
41,154
42,154
43,154
48,154
49,154
50,154
56,154
62,154
63,154
64,154
65,154
95,154
96,154
97,154
98,154
103,154
107,154
108,154
109,154
112,154
113,154
114,154
115,154
135,154
136,154
137,154
138,154
139,154
140,154
141,154
142,154
143,154
144,154
145,154
146,154
167,154
168,154
169,154
170,154
171,154
172,154
173,154
174,154
175,154
2,155
3,155
8,155
9,155
10,155
11,155
12,155
17,155
18,155
24,155
25,155
29,155
30,155
31,155
32,155
33,155
48,155
49,155
50,155
51,155
55,155
56,155
62,155
63,155
64,155
65,155
82,155
83,155
84,155
85,155
86,155
87,155
88,155
89,155
90,155
96,155
97,155
98,155
103,155
104,155
107,155
108,155
109,155
112,155
113,155
114,155
135,155
136,155
137,155
138,155
139,155
140,155
141,155
142,155
143,155
144,155
145,155
146,155
167,155
168,155
169,155
170,155
171,155
172,155
173,155
174,155
175,155
2,156
3,156
8,156
9,156
12,156
17,156
18,156
24,156
25,156
29,156
30,156
31,156
32,156
33,156
48,156
49,156
50,156
51,156
55,156
56,156
82,156
83,156
84,156
85,156
88,156
89,156
90,156
96,156
97,156
98,156
103,156
104,156
107,156
108,156
109,156
114,156
137,156
138,156
139,156
140,156
141,156
142,156
143,156
144,156
145,156
146,156
167,156
168,156
169,156
170,156
171,156
172,156
173,156
174,156
175,156
12,157
13,157
14,157
17,157
18,157
19,157
20,157
25,157
26,157
27,157
28,157
29,157
48,157
49,157
50,157
51,157
55,157
56,157
83,157
84,157
85,157
88,157
89,157
90,157
104,157
105,157
106,157
107,157
108,157
109,157
137,157
138,157
139,157
140,157
141,157
142,157
143,157
144,157
145,157
146,157
167,157
168,157
169,157
170,157
171,157
172,157
173,157
174,157
175,157
12,158
13,158
14,158
17,158
18,158
19,158
20,158
25,158
26,158
27,158
28,158
29,158
48,158
104,158
105,158
106,158
107,158
108,158
135,158
136,158
137,158
138,158
139,158
140,158
141,158
142,158
143,158
144,158
145,158
146,158
147,158
148,158
170,158
171,158
172,158
173,158
174,158
175,158
14,159
15,159
16,159
17,159
18,159
19,159
20,159
48,159
106,159
107,159
135,159
136,159
137,159
138,159
139,159
140,159
141,159
142,159
143,159
144,159
145,159
146,159
147,159
148,159
170,159
171,159
172,159
173,159
174,159
175,159
14,160
15,160
16,160
17,160
18,160
19,160
20,160
48,160
106,160
107,160
135,160
136,160
137,160
138,160
139,160
140,160
141,160
142,160
143,160
144,160
145,160
146,160
147,160
148,160
149,160
150,160
170,160
171,160
172,160
173,160
174,160
175,160
176,160
177,160
46,161
47,161
48,161
106,161
107,161
112,161
113,161
114,161
135,161
136,161
137,161
138,161
139,161
140,161
141,161
142,161
143,161
144,161
145,161
146,161
147,161
148,161
149,161
150,161
170,161
171,161
172,161
173,161
174,161
175,161
176,161
177,161
46,162
47,162
48,162
104,162
105,162
106,162
107,162
108,162
109,162
110,162
112,162
113,162
114,162
135,162
136,162
137,162
138,162
139,162
140,162
141,162
142,162
143,162
144,162
145,162
146,162
147,162
148,162
149,162
150,162
170,162
171,162
172,162
173,162
174,162
175,162
176,162
177,162
46,163
90,163
91,163
92,163
93,163
94,163
95,163
104,163
105,163
106,163
107,163
108,163
109,163
110,163
111,163
112,163
113,163
114,163
138,163
139,163
140,163
141,163
142,163
143,163
144,163
145,163
146,163
147,163
148,163
149,163
150,163
151,163
152,163
153,163
170,163
171,163
172,163
173,163
174,163
175,163
176,163
177,163
41,164
44,164
46,164
90,164
91,164
92,164
93,164
104,164
105,164
106,164
110,164
111,164
112,164
113,164
114,164
145,164
146,164
147,164
148,164
149,164
150,164
151,164
152,164
153,164
170,164
171,164
172,164
173,164
174,164
175,164
176,164
177,164
178,164
179,164
180,164
40,165
41,165
44,165
45,165
46,165
50,165
51,165
52,165
53,165
54,165
55,165
56,165
57,165
58,165
59,165
60,165
61,165
62,165
63,165
64,165
90,165
91,165
92,165
93,165
104,165
105,165
106,165
110,165
111,165
112,165
113,165
114,165
115,165
116,165
145,165
146,165
147,165
148,165
149,165
150,165
151,165
152,165
153,165
170,165
171,165
172,165
173,165
174,165
175,165
176,165
177,165
178,165
179,165
180,165
40,166
41,166
44,166
45,166
46,166
50,166
51,166
52,166
55,166
56,166
57,166
58,166
59,166
60,166
61,166
62,166
104,166
105,166
106,166
114,166
115,166
116,166
145,166
146,166
147,166
148,166
149,166
150,166
151,166
152,166
153,166
170,166
171,166
172,166
173,166
174,166
175,166
176,166
177,166
178,166
179,166
180,166
189,166
190,166
191,166
192,166
193,166
194,166
195,166
196,166
197,166
198,166
199,166
40,167
50,167
51,167
52,167
55,167
56,167
57,167
58,167
59,167
60,167
61,167
62,167
106,167
114,167
115,167
116,167
170,167
171,167
172,167
173,167
174,167
175,167
176,167
177,167
178,167
179,167
180,167
189,167
190,167
191,167
192,167
193,167
194,167
195,167
196,167
197,167
198,167
199,167
40,168
106,168
113,168
114,168
115,168
116,168
175,168
176,168
177,168
178,168
179,168
180,168
181,168
182,168
187,168
188,168
189,168
190,168
191,168
192,168
193,168
194,168
195,168
196,168
197,168
198,168
199,168
40,169
103,169
104,169
105,169
106,169
113,169
175,169
176,169
177,169
178,169
179,169
180,169
181,169
182,169
187,169
188,169
189,169
190,169
191,169
192,169
193,169
194,169
195,169
196,169
197,169
198,169
199,169
40,170
41,170
42,170
84,170
85,170
86,170
87,170
88,170
89,170
90,170
103,170
113,170
145,170
146,170
147,170
148,170
149,170
150,170
151,170
152,170
153,170
175,170
176,170
177,170
178,170
179,170
180,170
181,170
182,170
187,170
188,170
189,170
190,170
191,170
192,170
193,170
194,170
195,170
196,170
197,170
198,170
199,170
42,171
84,171
85,171
86,171
87,171
88,171
103,171
104,171
105,171
106,171
107,171
113,171
114,171
145,171
146,171
147,171
148,171
149,171
150,171
151,171
152,171
153,171
175,171
176,171
177,171
178,171
179,171
180,171
181,171
182,171
183,171
184,171
185,171
186,171
187,171
188,171
189,171
190,171
191,171
192,171
193,171
194,171
195,171
196,171
197,171
198,171
199,171
42,172
84,172
85,172
86,172
87,172
88,172
103,172
104,172
105,172
106,172
107,172
113,172
114,172
145,172
146,172
147,172
148,172
149,172
150,172
151,172
152,172
153,172
175,172
176,172
177,172
178,172
179,172
180,172
181,172
182,172
183,172
184,172
185,172
186,172
187,172
188,172
189,172
190,172
191,172
192,172
193,172
194,172
195,172
196,172
197,172
198,172
199,172
38,173
39,173
40,173
41,173
42,173
107,173
108,173
109,173
110,173
114,173
145,173
146,173
147,173
148,173
149,173
150,173
151,173
152,173
153,173
177,173
178,173
179,173
180,173
181,173
182,173
183,173
184,173
185,173
186,173
187,173
188,173
189,173
190,173
191,173
192,173
193,173
194,173
195,173
196,173
197,173
198,173
199,173
38,174
39,174
40,174
41,174
42,174
107,174
108,174
109,174
110,174
114,174
115,174
119,174
145,174
146,174
147,174
148,174
149,174
150,174
151,174
152,174
153,174
154,174
155,174
156,174
157,174
158,174
177,174
178,174
179,174
180,174
181,174
182,174
183,174
184,174
185,174
186,174
187,174
188,174
189,174
190,174
191,174
192,174
193,174
194,174
195,174
10,175
11,175
12,175
13,175
14,175
15,175
16,175
17,175
18,175
19,175
20,175
38,175
39,175
110,175
114,175
115,175
119,175
120,175
126,175
127,175
128,175
129,175
145,175
146,175
147,175
148,175
149,175
150,175
151,175
152,175
153,175
154,175
155,175
156,175
157,175
158,175
177,175
178,175
179,175
180,175
181,175
182,175
183,175
184,175
185,175
186,175
187,175
188,175
189,175
190,175
191,175
192,175
193,175
194,175
195,175
10,176
13,176
16,176
19,176
20,176
39,176
97,176
98,176
99,176
100,176
101,176
110,176
114,176
115,176
119,176
120,176
126,176
127,176
128,176
129,176
147,176
148,176
149,176
150,176
151,176
152,176
153,176
154,176
155,176
156,176
157,176
158,176
159,176
160,176
161,176
165,176
166,176
167,176
168,176
169,176
170,176
171,176
172,176
173,176
174,176
175,176
176,176
177,176
178,176
179,176
180,176
181,176
182,176
183,176
184,176
185,176
186,176
187,176
188,176
189,176
190,176
191,176
192,176
193,176
194,176
195,176
10,177
13,177
16,177
19,177
20,177
39,177
40,177
45,177
46,177
47,177
97,177
101,177
110,177
120,177
126,177
127,177
128,177
129,177
147,177
148,177
149,177
150,177
151,177
152,177
153,177
154,177
155,177
156,177
157,177
158,177
159,177
160,177
161,177
165,177
166,177
167,177
168,177
169,177
170,177
171,177
172,177
173,177
174,177
175,177
176,177
177,177
178,177
179,177
180,177
181,177
182,177
183,177
184,177
185,177
186,177
187,177
188,177
189,177
190,177
191,177
192,177
193,177
194,177
195,177
40,178
45,178
47,178
76,178
77,178
78,178
79,178
80,178
81,178
82,178
83,178
84,178
85,178
97,178
101,178
102,178
103,178
104,178
110,178
120,178
149,178
150,178
151,178
152,178
153,178
154,178
155,178
156,178
157,178
158,178
159,178
160,178
161,178
165,178
166,178
167,178
168,178
169,178
170,178
171,178
172,178
173,178
174,178
175,178
176,178
177,178
178,178
179,178
180,178
181,178
182,178
183,178
184,178
185,178
186,178
187,178
188,178
189,178
190,178
191,178
192,178
193,178
194,178
195,178
40,179
45,179
47,179
48,179
60,179
61,179
62,179
63,179
64,179
65,179
66,179
76,179
77,179
78,179
81,179
82,179
83,179
84,179
85,179
97,179
104,179
110,179
115,179
116,179
117,179
118,179
119,179
120,179
149,179
150,179
151,179
152,179
153,179
154,179
155,179
156,179
157,179
158,179
159,179
160,179
161,179
162,179
163,179
164,179
165,179
166,179
167,179
168,179
169,179
170,179
171,179
172,179
173,179
174,179
175,179
176,179
177,179
178,179
179,179
180,179
181,179
182,179
183,179
184,179
185,179
189,179
48,180
60,180
66,180
76,180
77,180
78,180
81,180
82,180
83,180
84,180
85,180
97,180
104,180
105,180
110,180
115,180
156,180
157,180
158,180
159,180
160,180
161,180
162,180
163,180
164,180
165,180
166,180
167,180
168,180
169,180
170,180
171,180
172,180
173,180
174,180
175,180
176,180
177,180
178,180
179,180
180,180
181,180
182,180
183,180
184,180
185,180
189,180
48,181
49,181
50,181
58,181
59,181
60,181
66,181
97,181
98,181
99,181
105,181
110,181
115,181
158,181
159,181
160,181
161,181
162,181
163,181
164,181
165,181
166,181
167,181
168,181
169,181
170,181
171,181
172,181
173,181
174,181
175,181
176,181
177,181
178,181
179,181
180,181
181,181
182,181
183,181
184,181
185,181
189,181
50,182
58,182
66,182
97,182
98,182
99,182
105,182
110,182
115,182
116,182
117,182
158,182
159,182
160,182
161,182
162,182
163,182
164,182
165,182
166,182
167,182
168,182
169,182
170,182
171,182
172,182
173,182
174,182
175,182
176,182
177,182
178,182
179,182
180,182
181,182
182,182
183,182
184,182
185,182
50,183
58,183
66,183
99,183
115,183
116,183
117,183
160,183
161,183
162,183
163,183
164,183
165,183
166,183
167,183
168,183
169,183
170,183
171,183
172,183
173,183
174,183
175,183
176,183
177,183
178,183
179,183
180,183
181,183
182,183
183,183
184,183
185,183
50,184
58,184
59,184
60,184
66,184
99,184
116,184
117,184
162,184
163,184
164,184
165,184
166,184
167,184
168,184
169,184
170,184
171,184
172,184
173,184
174,184
50,185
58,185
59,185
60,185
66,185
67,185
68,185
83,185
84,185
85,185
86,185
87,185
88,185
89,185
90,185
99,185
100,185
101,185
107,185
108,185
109,185
110,185
116,185
117,185
164,185
165,185
166,185
167,185
168,185
169,185
170,185
171,185
172,185
173,185
174,185
50,186
51,186
52,186
60,186
61,186
62,186
68,186
74,186
75,186
76,186
83,186
90,186
99,186
100,186
101,186
107,186
110,186
116,186
164,186
165,186
166,186
167,186
168,186
169,186
170,186
171,186
172,186
173,186
174,186
52,187
60,187
61,187
62,187
68,187
69,187
70,187
71,187
74,187
75,187
76,187
83,187
90,187
100,187
101,187
107,187
110,187
116,187
164,187
165,187
166,187
167,187
168,187
169,187
170,187
171,187
172,187
173,187
174,187
52,188
53,188
54,188
61,188
62,188
71,188
72,188
73,188
74,188
75,188
76,188
77,188
78,188
83,188
90,188
91,188
92,188
100,188
101,188
105,188
106,188
107,188
166,188
167,188
168,188
169,188
170,188
171,188
172,188
173,188
174,188
54,189
61,189
78,189
83,189
92,189
100,189
105,189
106,189
107,189
145,189
146,189
147,189
148,189
149,189
150,189
151,189
152,189
153,189
154,189
155,189
156,189
166,189
167,189
168,189
169,189
170,189
171,189
172,189
173,189
174,189
54,190
78,190
79,190
80,190
81,190
82,190
83,190
92,190
100,190
105,190
106,190
107,190
108,190
127,190
128,190
129,190
130,190
131,190
132,190
133,190
134,190
145,190
146,190
147,190
148,190
149,190
150,190
151,190
152,190
153,190
154,190
155,190
156,190
164,190
165,190
166,190
167,190
168,190
169,190
170,190
171,190
172,190
173,190
174,190
27,191
28,191
31,191
34,191
35,191
105,191
106,191
107,191
108,191
127,191
128,191
129,191
130,191
131,191
132,191
133,191
134,191
145,191
146,191
147,191
148,191
149,191
150,191
151,191
152,191
153,191
154,191
155,191
156,191
157,191
158,191
159,191
160,191
164,191
165,191
166,191
167,191
168,191
169,191
170,191
171,191
172,191
173,191
174,191
27,192
28,192
31,192
34,192
35,192
108,192
127,192
128,192
129,192
130,192
131,192
132,192
133,192
134,192
135,192
136,192
137,192
138,192
139,192
140,192
141,192
142,192
143,192
144,192
145,192
146,192
147,192
148,192
149,192
150,192
151,192
152,192
153,192
154,192
155,192
156,192
157,192
158,192
159,192
160,192
164,192
165,192
166,192
167,192
168,192
169,192
170,192
171,192
172,192
173,192
174,192
108,193
127,193
128,193
129,193
130,193
131,193
132,193
133,193
134,193
135,193
136,193
137,193
138,193
139,193
140,193
141,193
142,193
143,193
144,193
145,193
146,193
147,193
148,193
149,193
150,193
151,193
152,193
153,193
154,193
155,193
156,193
157,193
158,193
159,193
160,193
161,193
162,193
163,193
164,193
165,193
166,193
167,193
168,193
169,193
170,193
171,193
172,193
173,193
174,193
95,194
96,194
97,194
98,194
99,194
100,194
101,194
102,194
103,194
104,194
108,194
123,194
124,194
125,194
126,194
127,194
128,194
129,194
130,194
131,194
132,194
133,194
134,194
135,194
136,194
137,194
138,194
139,194
140,194
141,194
142,194
143,194
144,194
145,194
146,194
147,194
148,194
149,194
150,194
151,194
152,194
153,194
154,194
155,194
156,194
157,194
158,194
159,194
160,194
161,194
162,194
163,194
164,194
165,194
166,194
167,194
168,194
169,194
170,194
171,194
172,194
173,194
174,194
95,195
96,195
97,195
98,195
99,195
100,195
101,195
102,195
103,195
104,195
105,195
106,195
107,195
108,195
123,195
124,195
125,195
126,195
127,195
128,195
129,195
130,195
131,195
132,195
133,195
134,195
135,195
136,195
137,195
138,195
139,195
140,195
141,195
142,195
143,195
144,195
145,195
146,195
147,195
148,195
149,195
150,195
151,195
152,195
153,195
154,195
155,195
156,195
157,195
158,195
159,195
160,195
161,195
162,195
163,195
164,195
165,195
166,195
167,195
168,195
169,195
170,195
171,195
172,195
173,195
174,195
95,196
96,196
97,196
98,196
99,196
100,196
101,196
123,196
124,196
125,196
126,196
127,196
128,196
129,196
130,196
131,196
132,196
133,196
134,196
135,196
136,196
137,196
138,196
139,196
140,196
141,196
142,196
143,196
144,196
145,196
146,196
147,196
148,196
149,196
150,196
151,196
152,196
153,196
154,196
155,196
156,196
157,196
158,196
159,196
160,196
161,196
162,196
163,196
164,196
165,196
166,196
167,196
168,196
169,196
170,196
171,196
172,196
173,196
174,196
95,197
96,197
97,197
98,197
99,197
100,197
101,197
123,197
124,197
125,197
126,197
127,197
128,197
129,197
130,197
131,197
132,197
133,197
134,197
135,197
136,197
137,197
138,197
139,197
140,197
141,197
142,197
143,197
144,197
145,197
146,197
147,197
148,197
149,197
150,197
151,197
152,197
153,197
154,197
155,197
156,197
157,197
158,197
159,197
160,197
161,197
162,197
163,197
164,197
165,197
166,197
167,197
168,197
169,197
170,197
171,197
172,197
173,197
174,197
93,198
94,198
95,198
96,198
97,198
98,198
99,198
100,198
101,198
123,198
124,198
125,198
126,198
127,198
128,198
129,198
130,198
131,198
132,198
133,198
134,198
135,198
136,198
137,198
138,198
139,198
140,198
141,198
142,198
143,198
144,198
145,198
146,198
147,198
148,198
149,198
150,198
151,198
152,198
153,198
154,198
155,198
156,198
157,198
158,198
159,198
160,198
161,198
162,198
163,198
164,198
165,198
166,198
167,198
168,198
169,198
170,198
171,198
93,199
94,199
95,199
96,199
97,199
98,199
99,199
100,199
101,199
123,199
124,199
125,199
126,199
127,199
128,199
129,199
130,199
131,199
132,199
133,199
134,199
135,199
136,199
137,199
138,199
139,199
140,199
141,199
142,199
143,199
144,199
145,199
146,199
147,199
148,199
149,199
150,199
151,199
152,199
153,199
154,199
155,199
156,199
157,199
158,199
159,199
160,199
161,199
162,199
163,199
164,199
165,199
166,199
167,199
168,199
169,199
170,199
171,199
