소형2층집(5형)	11	0	2050000	1	1	1	0	0	1016	64	29286	0
문갑	10	0	150000	1	1	1	0	0	0	3	7500
장판:암청색	11	0	50000	1	0	0	0	0	13	0	0	1
벽지:연갈색자수	11	0	500000	1	0	0	0	0	125	0	0	1
묵란부채(벽장식)	10	0	450000	1	0	0	0	0	150	0	0
벽지:노랑자수	11	0	500000	1	1	1	0	0	125	0	0	1
청홍등	10	0	400000	1	1	1	0	0	133	0	0
노랑재비꽃	10	0	40000	1	0	0	0	0	13	0	0
금촛대	10	0	80000	1	0	0	0	0	673	0	0
안내판	10	0	90000	1	1	1	0	0	0	2	0
대형기와집(1형)	11	0	38000000	1	0	0	0	0	2689	168	542857	0
눈사람	10	0	1	1	1	1	0	0	350	0	0
자개문갑	10	0	1800000	1	0	0	0	0	0	36	90000
문양사각창문	10	0	300000	1	1	1	0	0	100	0	0
소형1층집(1형)	11	0	950000	1	0	0	0	0	786	49	13571	0
장판:깊은바다	11	0	50000	1	1	1	0	0	13	0	0	1
황동촛대	10	0	150000	1	0	0	0	0	50	0	0
장판:구름문양	11	0	150000	1	0	0	0	0	38	0	0	1
금홍문갑	10	0	450000	1	1	1	0	0	0	9	22500
중소형2층집(3형)	11	0	4200000	1	1	1	0	0	1290	81	60000	0
벽지:하늘색자수	11	0	500000	1	0	0	0	0	125	0	0	1
벽지:분홍자수	11	0	500000	1	1	1	0	0	125	0	0	1
작은창문	10	0	270000	1	0	0	0	0	90	0	0
송목육각창문	10	0	600000	1	0	0	0	0	200	0	0
붉은묵란등	10	0	800000	1	1	1	0	0	266	0	0
개나리	10	0	20000	1	0	0	0	0	6	0	0
사군자6폭병풍	10	0	1000000	1	0	0	0	0	83	0	0
큰전나무	10	0	1000000	1	1	1	0	0	333	0	0
크리스마스트리화분	10	0	1	1	1	1	0	0	300	0	0
송목2단문갑	10	0	1050000	1	0	0	0	0	0	21	52500
대형기와집(2형)	11	0	40000000	1	0	0	0	0	2735	171	571429	0
장판:용암	11	0	500000	1	1	1	0	0	125	0	0	1
문양작은창문	10	0	250000	1	1	1	0	0	83	0	0
묵란등	10	0	600000	1	0	0	0	0	200	0	0
장판:눈덮인초원	11	0	120000	1	0	0	0	0	30	0	0	1
벽지:연보라자수	11	0	500000	1	0	0	0	0	125	0	0	1
화각문갑	10	0	1450000	1	1	1	0	0	0	29	72500
벽지:연두자수	11	0	500000	1	1	1	0	0	125	0	0	1
소형1층집(2형)	11	0	900000	1	0	0	0	0	772	48	12857	0
중소형2층집(4형)	11	0	4000000	1	1	1	0	0	1269	79	57143	0
작은대나무발	10	0	340000	1	0	0	0	0	113	0	0
감옥창문	10	0	150000	1	0	0	0	0	50	0	0
갑옷장식4	10	0	150000	1	1	1	0	0	0	4	0
도라지꽃	10	0	30000	1	0	0	0	0	10	0	0
추사체6폭병풍	10	0	600000	1	0	0	0	0	83	0	0
파란커튼	10	0	800000	1	1	1	0	0	266	0	0
장판:연두벽돌	11	0	300000	1	1	1	0	0	75	0	0	1
리본리스	10	0	1	1	1	1	0	0	55	4	0
자개2단문갑	10	0	4200000	1	0	0	0	0	0	84	210000
대형기와집(3형)	11	0	35000000	1	0	0	0	0	2616	164	500000	0
문양육각창문	10	0	600000	1	1	1	0	0	200	0	0
장판:진노랑사각	11	0	250000	1	0	0	0	0	63	0	0	1
청등	10	0	300000	1	0	0	0	0	100	0	0
벽지:흰색사각문양	11	0	300000	1	0	0	0	0	75	0	0	1
벽지:주황자수	11	0	500000	1	1	1	0	0	125	0	0	1
금홍2단문갑	10	0	900000	1	1	1	0	0	0	18	45000
소형2층집(1형)	11	0	1950000	1	0	0	0	0	999	62	27857	0
죽제고비	10	0	380000	1	0	0	0	0	0	10	0
문양외눈창문	10	0	150000	1	0	0	0	0	50	0	0
중소형2층집(5형)	11	0	3900000	1	1	1	0	0	1259	79	55714	0
뿔투구장식	10	0	1200000	1	1	1	0	0	0	30	0
작은전나무	10	0	500000	1	0	0	0	0	166	0	0
신선도6폭병풍	10	0	300000	1	0	0	0	0	160	0	0
장판:둥근돌	11	0	250000	1	1	1	0	0	63	0	0	1
다홍커튼	10	0	700000	1	1	1	0	0	233	0	0
산타양말벽장식	10	0	1	1	1	1	0	0	45	4	0
송목삼층책장	10	0	900000	1	0	0	0	0	0	18	45000
장판:얕은바다	11	0	50000	1	0	0	0	0	13	0	0	1
외눈창문	10	0	60000	1	1	1	0	0	20	0	0
대형기와집(4형)	11	0	35000000	1	0	0	0	0	2616	164	500000	0
갑옷장식2	10	0	90000	1	0	0	0	0	0	2	0
벽지:연갈색사각문양	11	0	300000	1	0	0	0	0	75	0	0	1
벽지:노랑사각문양	11	0	300000	1	1	1	0	0	75	0	0	1
화각2단문갑	10	0	2700000	1	1	1	0	0	0	54	135000
죽장함	10	0	420000	1	0	0	0	0	0	8	21000
곰머리장식	10	0	2500000	1	0	0	0	0	833	0	0
소형2층집(2형)	11	0	1900000	1	0	0	0	0	990	62	27143	0
금투구장식	10	0	1000000	1	1	1	0	0	0	25	0
장판:물결	11	0	150000	1	1	1	0	0	38	0	0	1
나무의자	10	0	60000	1	0	0	0	0	0	2	0
오봉산도6폭병풍	10	0	1500000	1	0	0	0	0	660	0	0
담장:벽돌	11	0	900000	1	1	1	0	0	0	23	0	1
귤색커튼	10	0	600000	1	1	1	0	0	200	0	0
금방울벽장식	10	0	1	1	1	1	0	0	75	6	0
장판:초록벽돌	11	0	200000	1	0	0	0	0	50	0	0	1
자개삼층책장	10	0	3600000	1	0	0	0	0	0	72	180000
다홍문양융단6X4	10	0	750000	1	1	1	0	0	0	19	0
벽지:하늘색사각문양	11	0	300000	1	0	0	0	0	75	0	0	1
갑옷장식3	10	0	120000	1	0	0	0	0	0	3	0
벽지:분홍사각문양	11	0	300000	1	1	1	0	0	75	0	0	1
주모내부	10	0	1	1	1	1	0	0	1	3	400
벽지:흰색민무늬	11	0	10000	1	0	0	0	0	3	0	0	1
금홍반닫이	10	0	720000	1	1	1	0	0	0	14	36000
사각창문	10	0	600000	1	0	0	0	0	200	0	0
장판:적갈점무늬	11	0	70000	1	1	1	0	0	18	0	0	1
사슴머리장식	10	0	3000000	1	0	0	0	0	1000	0	0
벽지:기본	11	0	30000	1	1	1	0	0	0	0	0	1
색동이불	10	0	900000	1	1	1	0	0	0	23	0
추사체족자	10	0	300000	1	0	0	0	0	146	0	0
중소형2층집(1형)	11	0	4100000	1	0	0	0	0	1280	80	58571	0
깃발3	10	0	400000	1	1	1	0	0	0	10	0
장판:암록점무늬	11	0	60000	1	0	0	0	0	15	0	0	1
막대사탕벽장식	10	0	1	1	1	1	0	0	35	3	0
송목반닫이	10	0	750000	1	0	0	0	0	0	15	37500
벽지:연보라사각문양	11	0	300000	1	0	0	0	0	75	0	0	1
큰나무의자	10	0	80000	1	0	0	0	0	0	2	0
연노랑문양융단6X4	10	0	1500000	1	1	1	0	0	0	38	0
벽지:연두사각문양	11	0	300000	1	1	1	0	0	75	0	0	1
버드나무분재	10	0	500000	1	0	0	0	0	166	0	0
화각반닫이	10	0	2100000	1	1	1	0	0	0	42	105000
벽지:연갈색민무늬	11	0	30000	1	0	0	0	0	8	0	0	1
장판:빙판사각무늬	11	0	500000	1	1	1	0	0	125	0	0	1
벽지:노랑민무늬	11	0	30000	1	1	1	0	0	8	0	0	1
삼층책장	10	0	1000000	1	0	0	0	0	0	20	50000
갈색문양융단8X6	10	0	1500000	1	0	0	0	0	0	38	0
큰석등	10	0	120000	1	1	1	0	0	0	3	0
묵죽도족자	10	0	200000	1	0	0	0	0	303	0	0
장판:연록삼각무늬	11	0	80000	1	0	0	0	0	20	0	0	1
깃발4	10	0	400000	1	1	1	0	0	0	10	0
중소형2층집(2형)	11	0	3800000	1	0	0	0	0	1248	78	54286	0
주모외부	10	0	1	1	1	1	0	0	1	3	400
벽지:흰색금실자수	11	0	1000000	1	0	0	0	0	250	0	0	1
양초벽장식	10	0	1	1	1	1	0	0	65	5	0
자개반닫이	10	0	3000000	1	0	0	0	0	0	60	150000
벽지:주황사각문양	11	0	300000	1	1	1	0	0	75	0	0	1
나무탁자	10	0	150000	1	0	0	0	0	0	4	0
연갈색융단4X3	10	0	210000	1	1	1	0	0	0	5	0
소나무분재	10	0	700000	1	0	0	0	0	233	0	0
벽지:하늘색민무늬	11	0	30000	1	0	0	0	0	8	0	0	1
장판:황색전갈문양	11	0	550000	1	1	1	0	0	138	0	0	1
금홍삼층장	10	0	1200000	1	1	1	0	0	0	24	60000
벽지:분홍민무늬	11	0	30000	1	1	1	0	0	8	0	0	1
반닫이	10	0	1270000	1	0	0	0	0	0	25	63500
우물	10	0	1500000	1	1	1	0	0	0	38	0
장판:금색사각무늬	11	0	400000	1	0	0	0	0	100	0	0	1
금강산도족자	10	0	500000	1	0	0	0	0	490	0	0
문양죽제고비	10	0	600000	1	1	1	0	0	0	15	0
벽지:연갈색금실자수	11	0	1000000	1	0	0	0	0	250	0	0	1
벽지:노랑금실자수	11	0	1000000	1	1	1	0	0	250	0	0	1
중형기와집(1형)	11	0	7700000	1	0	0	0	0	1579	99	110000	0
긴색동새끼줄	10	0	1	1	1	1	0	0	60	5	0
송목삼층장	10	0	1300000	1	0	0	0	0	0	26	65000
황토색융단4X3	10	0	210000	1	0	0	0	0	0	5	0
긴나무의자	10	0	200000	1	0	0	0	0	0	5	0
연녹색융단4X3	10	0	210000	1	1	1	0	0	0	5	0
금고설치	10	0	270000	1	1	1	0	0	0	0	13500
이불	10	0	450000	1	0	0	0	0	0	11	0
벽지:연보라민무늬	11	0	30000	1	0	0	0	0	8	0	0	1
장판:고급황색사각	11	0	600000	1	1	1	0	0	150	0	0	1
벽지:연두민무늬	11	0	30000	1	1	1	0	0	8	0	0	1
화각삼층장	10	0	3600000	1	1	1	0	0	0	72	180000
연상	10	0	1300000	1	0	0	0	0	0	26	65000
장판:보라전갈문양	11	0	550000	1	0	0	0	0	138	0	0	1
고목나무	10	0	1200000	1	1	1	0	0	400	0	0
깃발1	10	0	500000	1	0	0	0	0	0	6	0
벽지:하늘색금실자수	11	0	1000000	1	0	0	0	0	250	0	0	1
큰대나무발	10	0	150000	1	1	1	0	0	50	0	0
벽지:분홍금실자수	11	0	1000000	1	1	1	0	0	250	0	0	1
짧은색동새끼줄	10	0	1	1	1	1	0	0	50	4	0
자개삼층장	10	0	5200000	1	0	0	0	0	0	104	260000
진분홍융단4X3	10	0	210000	1	0	0	0	0	0	5	0
중형기와집(2형)	11	0	8000000	1	0	0	0	0	1600	100	114286	0
원형탁자	10	0	300000	1	0	0	0	0	0	8	0
작은석등	10	0	50000	1	0	0	0	0	16	0	0
벽지:흰색점무늬	11	0	100000	1	0	0	0	0	25	0	0	1
사방탁자	10	0	200000	1	1	1	0	0	0	5	0
벽지:주황민무늬	11	0	30000	1	1	1	0	0	8	0	0	1
금홍각게수리	10	0	300000	1	1	1	0	0	0	6	15000
장판:고급보라사각	11	0	600000	1	0	0	0	0	150	0	0	1
육각창문	10	0	1400000	1	0	0	0	0	466	0	0
계수나무	10	0	500000	1	1	1	0	0	166	0	0
벽지:연청금실자수	11	0	1000000	1	0	0	0	0	250	0	0	1
깃발2	10	0	500000	1	0	0	0	0	0	6	0
벽지:연두금실자수	11	0	1000000	1	1	1	0	0	250	0	0	1
오봉산도족자	10	0	700000	1	1	1	0	0	233	0	0
땅문서(소)1	11	0	4800000	1	1	1	0	0	1340	80	71000	0
송목각게수리	10	0	300000	1	0	0	0	0	0	6	15000
수호자석상	10	0	1200000	1	0	0	0	0	400	0	0
중형기와집(3형)	11	0	8300000	1	0	0	0	0	1619	101	118571	0
벽지:연갈색점무늬	11	0	100000	1	0	0	0	0	25	0	0	1
벽지:노랑점무늬	11	0	100000	1	1	1	0	0	25	0	0	1
금홍사방탁자	10	0	600000	1	1	1	0	0	0	15	0
송목사방탁자	10	0	600000	1	0	0	0	0	0	15	0
화각각게수리	10	0	900000	1	1	1	0	0	0	18	45000
정자	10	0	3500000	1	0	0	0	0	0	88	0
삼층장	10	0	1510000	1	0	0	0	0	0	30	75500
장판:기본	11	0	5000	1	0	0	0	0	0	0	0	1
벽지:주황금실자수	11	0	1000000	1	1	1	0	0	250	0	0	1
감나무	10	0	400000	1	1	1	0	0	133	0	0
갑옷장식1	10	0	60000	1	0	0	0	0	0	50	0
학수송령도족자	10	0	500000	1	1	1	0	0	166	0	0
땅문서(소)2	11	0	4800000	1	1	1	0	0	1340	80	71000	0
자개각게수리	10	0	1200000	1	0	0	0	0	0	24	60000
벽지:하늘색점무늬	11	0	100000	1	0	0	0	0	25	0	0	1
칼장식기둥	10	0	600000	1	0	0	0	0	200	0	0
벽지:분홍점무늬	11	0	100000	1	1	1	0	0	25	0	0	1
중형2층집(1형)	11	0	10400000	1	0	0	0	0	1746	109	148571	0
화각사방탁자	10	0	1800000	1	1	1	0	0	0	45	0
화각연상	10	0	450000	1	1	1	0	0	0	9	22500
사철나무	10	0	500000	1	0	0	0	0	166	0	0
장판:연주황민무늬	11	0	15000	1	1	1	0	0	4	0	0	1
각게수리	10	0	1870000	1	0	0	0	0	0	37	93500
작은소나무3	10	0	800000	1	1	1	0	0	266	0	0
철투구장식	10	0	400000	1	0	0	0	0	0	50	0
땅문서(소)	11	0	5000000	1	0	0	0	0	1367	85	71429	0
자개사방탁자	10	0	2400000	1	0	0	0	0	0	60	0
소형1층집(3형)	11	0	1100000	1	1	1	0	0	825	52	15714	0
장판:연갈색민무늬	11	0	5000	1	0	0	0	0	1	0	0	1
어촌산수도족자	10	0	400000	1	1	1	0	0	133	0	0
벽지:연보라점무늬	11	0	100000	1	0	0	0	0	25	0	0	1
송목연상	10	0	110000	1	0	0	0	0	0	2	5500
벽지:연두점무늬	11	0	100000	1	1	1	0	0	25	0	0	1
푸른죽제고비	10	0	450000	1	0	0	0	0	150	0	0
중형2층집(2형)	11	0	10000000	1	0	0	0	0	1723	108	142857	0
서안	10	0	90000	1	1	1	0	0	0	2	0
장판:연군청민무늬	11	0	15000	1	1	1	0	0	4	0	0	1
금홍빗접	10	0	210000	1	1	1	0	0	0	4	10500
오동나무	10	0	550000	1	0	0	0	0	183	0	0
2단문갑	10	0	1910000	1	0	0	0	0	0	38	95500
큰소나무2	10	0	2000000	1	1	1	0	0	666	0	0
장판:연홍색민무늬	11	0	15000	1	0	0	0	0	4	0	0	1
양눈창문	10	0	100000	1	0	0	0	0	33	0	0
송목서안	10	0	230000	1	0	0	0	0	0	6	0
묵국도족자	10	0	200000	1	1	1	0	0	66	0	0
벽지:흰색복자문양	11	0	700000	1	0	0	0	0	175	0	0	1
소형1층집(4형)	11	0	1000000	1	1	1	0	0	800	50	14286	0
벽지:주황점무늬	11	0	100000	1	1	1	0	0	25	0	0	1
자개연상	10	0	450000	1	0	0	0	0	0	9	22500
땅문서(중)	11	0	12500000	1	0	0	0	0	1856	116	178571	0
금홍서안	10	0	270000	1	1	1	0	0	0	7	0
중형2층집(3형)	11	0	9600000	1	0	0	0	0	1700	106	137143	0
장판:하늘색민무늬	11	0	15000	1	1	1	0	0	4	0	0	1
조죽도족자	10	0	600000	1	0	0	0	0	200	0	0
화각빗접	10	0	630000	1	1	1	0	0	0	13	31500
작은소나무1	10	0	800000	1	0	0	0	0	266	0	0
빗접	10	0	2260000	1	0	0	0	0	0	45	113000
장판:연청록민무늬	11	0	15000	1	0	0	0	0	4	0	0	1
관상용나무2	10	0	120000	1	1	1	0	0	40	0	0
황동촛등	10	0	10000	1	0	0	0	0	3	0	0
벽지:연갈색복자문양	11	0	700000	1	0	0	0	0	175	0	0	1
자개서안	10	0	900000	1	0	0	0	0	0	23	0
벽지:노랑복자문양	11	0	700000	1	1	1	0	0	175	0	0	1
묵매도족자	10	0	200000	1	1	1	0	0	66	0	0
땅문서(대)	11	0	32000000	1	0	0	0	0	2539	159	457143	0
소형1층집(5형)	11	0	1050000	1	1	1	0	0	813	51	15000	0
송목빗접	10	0	190000	1	0	0	0	0	0	4	9500
화각서안	10	0	810000	1	1	1	0	0	0	20	0
장판:원목사각문양	11	0	250000	1	1	1	0	0	63	0	0	1
한시족자	10	0	750000	1	0	0	0	0	250	0	0
대형3층집(1형)	11	0	24000000	1	0	0	0	0	2307	144	342857	0
나비금촛대	10	0	400000	1	1	1	0	0	133	0	0
작은소나무2	10	0	800000	1	0	0	0	0	266	0	0
장판:연보라민무늬	11	0	15000	1	0	0	0	0	4	0	0	1
홍실쌍검장식	10	0	970000	1	0	0	0	0	0	24	0
해바라기꽃	10	0	300000	1	1	1	0	0	100	0	0
벽지:하늘색복자문양	11	0	700000	1	0	0	0	0	175	0	0	1
붉은한시등	10	0	970000	1	0	0	0	0	323	0	0
벽지:분홍복자문양	11	0	700000	1	1	1	0	0	175	0	0	1
송목죽장함	10	0	380000	1	0	0	0	0	0	8	19000
땅문서(특대)	11	0	80000000	1	0	0	0	0	3447	215	1142857	0
수묵화족자2	10	0	300000	1	1	1	0	0	100	0	0
자개빗접	10	0	750000	1	0	0	0	0	0	15	37500
소형2층집(3형)	11	0	2100000	1	1	1	0	0	1024	64	30000	0
장판:흰눈문양	11	0	90000	1	1	1	0	0	23	0	0	1
금홍죽장함	10	0	390000	1	1	1	0	0	0	8	19500
묵란도족자	10	0	1800000	1	0	0	0	0	600	0	0
장판:원목	11	0	150000	1	0	0	0	0	38	0	0	1
3단금촛대	10	0	240000	1	1	1	0	0	80	0	0
대형3층집(2형)	11	0	25000000	1	0	0	0	0	2339	146	357143	0
큰소나무1	10	0	2000000	1	0	0	0	0	666	0	0
호랑이머리장식	10	0	4000000	1	0	0	0	0	0	13	0
벽지:연보라복자문양	11	0	700000	1	0	0	0	0	175	0	0	1
벽지:연두복자문양	11	0	700000	1	1	1	0	0	175	0	0	1
진달래	10	0	10000	1	1	1	0	0	0	0	0
담장:짚단	11	0	10000	1	0	0	0	0	0	0	0	1
크리스마스트리	10	0	1	1	1	1	0	0	250	0	0
자개죽장함	10	0	1500000	1	0	0	0	0	0	30	75000
사자성어부채(벽장식)	10	0	300000	1	1	1	0	0	100	0	0
금강산도6폭병풍	10	0	900000	1	0	0	0	0	300	0	0
소형2층집(4형)	11	0	2000000	1	1	1	0	0	1007	63	28571	0
장판:보라줄무늬	11	0	70000	1	1	1	0	0	18	0	0	1
화각죽장함	10	0	1200000	1	1	1	0	0	0	24	60000
장판:짚단	11	0	20000	1	0	0	0	0	5	0	0	1
수묵화족자1	10	0	450000	1	0	0	0	0	150	0	0
홍등	10	0	300000	1	1	1	0	0	100	0	0
벽지:흰색자수	11	0	500000	1	0	0	0	0	125	0	0	1
관상용나무1	10	0	120000	1	0	0	0	0	40	0	0
한시등	10	0	500000	1	0	0	0	0	323	0	0
벽지:주황복자문양	11	0	700000	1	1	1	0	0	175	0	0	1
대형3층집(3형)	11	0	26000000	1	0	0	0	0	2369	148	371429	0
메꽃	10	0	30000	1	1	1	0	0	10	0	0
포인세티아화분	10	0	1	1	1	1	0	0	170	0	0
송목문갑	10	0	450000	1	0	0	0	0	0	9	22500
금룡자수부채(벽장식)	10	0	900000	1	1	1	0	0	300	0	0
담장:기와벽돌	11	0	2800000	1	0	0	0	0	0	70	0	1
화조도6폭병풍	10	0	1200000	1	0	0	0	0	400	0	0
장판:밝은노랑사각	11	0	250000	1	1	1	0	0	63	0	0	1
