1	4	철광석무더기채집	5	43	0
2	4	소나무채집	3	12	0
3	4	오래된산양삼채집	7	73	0
4	4	돌무더기채집	5	2	0
5	4	목화채집	1	53	0
6	4	반짝송이버섯채집	7	32	0
7	4	떡갈나무채집	3	52	0
8	4	논벼채집	1	2	0
9	4	지옥석무더기채집	5	2	0
10	4	위험한독버섯채집	7	12	0
11	4	적옥석무더기채집	5	44	0
12	4	향나무채집	3	12	0
13	4	귀한산장뇌삼채집	7	82	0
14	4	연옥석무더기채집	5	3	0
15	4	홍화채집	1	81	0
16	4	가느다란작약채집	7	34	0
17	4	반송채집	3	62	0
18	4	쪽풀채집	1	6	0
19	4	파릇파릇한쑥채집	7	13	0
20	4	청옥석무더기채집	5	63	0
21	4	은행나무채집	3	23	0
22	4	황동석무더기채집	5	12	0
23	4	치자나무채집	1	93	0
24	4	약한어린인삼채집	7	43	0
25	4	금강송채집	3	72	0
26	4	황마풀채집	1	13	0
27	4	알싸한더덕채집	7	22	0
28	4	천년된천뇌삼채집	7	93	0
29	4	은광석무더기채집	5	72	0
30	4	참대나무채집	3	36	0
31	4	청동석무더기채집	5	23	0
32	4	삼나무채집	3	2	0
33	4	귀한영지버섯채집	7	54	0
34	4	백송채집	3	82	0
35	4	아마풀채집	1	23	0
36	4	알찬표고버섯채집	7	24	0
37	4	백옥석무더기채집	5	84	0
38	4	황옥석무더기채집	5	24	0
39	4	화살나무채집	3	3	0
40	4	향기로운산삼채집	7	62	0
41	4	황금송채집	3	93	0
42	4	모시풀채집	1	38	0
43	4	굵은당귀채집	7	31	0
44	4	단풍나무채집	3	42	0
45	4	보리채집	1	2	0
46	4	금광석무더기채집	5	93	0
