1684	16	현무	강각오연타10	강각오연타9	1	7	1	1	9	54	75	2	77	100	55	109	55
1685	16	현무	강각오연타11	강각오연타10	1	7	1	1	10	54	83	2	80	104	57	114	57
1686	16	현무	강각오연타12	강각오연타11	1	7	1	1	11	54	91	2	84	108	60	118	60
1687	16	거북	포갑폐격	0	1	2	0	6	0	9	3	3	16	20	11	22	11
1688	16	바다거북	포갑폐격2	포갑폐격	1	2	1	3	1	9	3	3	11	14	8	15	8
1689	16	바다거북	포갑폐격3	포갑폐격2	1	2	1	3	2	9	53	3	19	25	14	28	14
1690	16	장수거북	포갑폐격4	포갑폐격3	1	2	1	3	3	9	3	3	28	36	20	41	20
1691	16	장수거북	포갑폐격5	포갑폐격4	1	2	1	3	4	9	53	3	37	48	26	54	26
1692	16	아기현무	포갑폐격6	포갑폐격5	1	2	1	5	5	9	3	3	46	59	33	67	33
1693	16	아기현무	포갑폐격7	포갑폐격6	1	2	1	3	6	9	53	3	55	71	39	80	39
1694	16	어린현무	포갑폐격8	포갑폐격7	1	2	1	5	7	9	3	3	43	55	31	60	31
1695	16	어린현무	포갑폐격9	포갑폐격8	1	2	1	3	8	9	53	3	62	80	44	88	44
1696	16	현무	포갑폐격10	포갑폐격9	1	2	1	5	9	9	3	3	50	64	36	69	36
1697	16	현무	포갑폐격11	포갑폐격10	1	2	1	3	10	9	36	3	62	80	45	87	45
1698	16	현무	포갑폐격12	포갑폐격11	1	2	1	3	11	9	69	3	75	97	54	106	54
1699	16	바다거북	창귀호분진격	0	1	3	0	1	0	18	3	4	23	28	16	32	16
1700	16	바다거북	창귀호분진격2	창귀호분진격	1	3	1	1	1	18	11	4	26	32	18	37	18
1701	16	바다거북	창귀호분진격3	창귀호분진격2	1	3	1	1	2	18	19	4	29	36	20	41	20
1702	16	바다거북	창귀호분진격4	창귀호분진격3	1	3	1	1	3	18	27	4	32	40	22	45	22
1703	16	바다거북	창귀호분진격5	창귀호분진격4	1	3	1	1	4	18	35	4	35	44	24	50	24
1704	16	바다거북	창귀호분진격6	창귀호분진격5	1	3	1	1	5	18	43	4	38	48	26	54	26
1705	16	바다거북	창귀호분진격7	창귀호분진격6	1	3	1	1	6	18	51	4	41	52	29	59	29
1706	16	바다거북	창귀호분진격8	창귀호분진격7	1	3	1	1	7	18	59	4	44	56	31	63	31
1707	16	바다거북	창귀호분진격9	창귀호분진격8	1	3	1	1	8	18	67	4	47	60	33	68	33
1708	16	바다거북	창귀호분진격10	창귀호분진격9	1	3	1	1	9	18	75	4	50	64	35	72	35
1709	16	바다거북	창귀호분진격11	창귀호분진격10	1	3	1	1	10	18	83	4	53	68	37	77	37
1710	16	바다거북	창귀호분진격12	창귀호분진격11	1	3	1	1	11	18	91	4	57	72	40	81	40
1711	16	장수거북	수귀호분진격	창귀호분진격	1	4	1	1	12	27	3	4	29	37	21	42	21
1712	16	장수거북	수귀호분진격2	수귀호분진격	1	4	1	1	1	27	11	4	32	41	23	47	23
1713	16	장수거북	수귀호분진격3	수귀호분진격2	1	4	1	1	2	27	19	4	35	45	25	51	25
1714	16	장수거북	수귀호분진격4	수귀호분진격3	1	4	1	1	3	27	27	4	38	49	27	55	27
1715	16	장수거북	수귀호분진격5	수귀호분진격4	1	4	1	1	4	27	35	4	41	53	29	60	29
1716	16	장수거북	수귀호분진격6	수귀호분진격5	1	4	1	1	5	27	43	4	44	57	31	64	31
1717	16	장수거북	수귀호분진격7	수귀호분진격6	1	4	1	1	6	27	51	4	47	61	34	69	34
1718	16	장수거북	수귀호분진격8	수귀호분진격7	1	4	1	1	7	27	59	4	50	65	36	73	36
1719	16	장수거북	수귀호분진격9	수귀호분진격8	1	4	1	1	8	27	67	4	53	69	38	78	38
1720	16	장수거북	수귀호분진격10	수귀호분진격9	1	4	1	1	9	27	75	4	56	73	40	82	40
1721	16	장수거북	수귀호분진격11	수귀호분진격10	1	4	1	1	10	27	83	4	59	77	42	87	42
1722	16	장수거북	수귀호분진격12	수귀호분진격11	1	4	1	1	11	27	91	4	63	81	45	91	45
1723	16	아기현무	유현무호분진격	수귀호분진격	1	5	1	1	12	36	3	4	36	46	26	51	26
1724	16	아기현무	유현무호분진격2	유현무호분진격	1	5	1	1	1	36	11	4	39	50	28	56	28
1725	16	아기현무	유현무호분진격3	유현무호분진격2	1	5	1	1	2	36	19	4	42	54	30	60	30
1726	16	아기현무	유현무호분진격4	유현무호분진격3	1	5	1	1	3	36	27	4	45	58	32	64	32
1727	16	아기현무	유현무호분진격5	유현무호분진격4	1	5	1	1	4	36	35	4	48	62	34	69	34
1728	16	아기현무	유현무호분진격6	유현무호분진격5	1	5	1	1	5	36	43	4	51	66	36	73	36
1729	16	아기현무	유현무호분진격7	유현무호분진격6	1	5	1	1	6	36	51	4	54	70	39	78	39
1730	16	아기현무	유현무호분진격8	유현무호분진격7	1	5	1	1	7	36	59	4	57	74	41	82	41
1731	16	아기현무	유현무호분진격9	유현무호분진격8	1	5	1	1	8	36	67	4	60	78	43	87	43
1732	16	아기현무	유현무호분진격10	유현무호분진격9	1	5	1	1	9	36	75	4	63	82	45	91	45
1733	16	아기현무	유현무호분진격11	유현무호분진격10	1	5	1	1	10	36	83	4	66	86	47	96	47
1734	16	아기현무	유현무호분진격12	유현무호분진격11	1	5	1	1	11	36	91	4	70	90	50	100	50
1735	16	어린현무	소현무호분진격	유현무호분진격	1	6	1	1	12	45	3	4	43	55	31	60	31
1736	16	어린현무	소현무호분진격2	소현무호분진격	1	6	1	1	1	45	11	4	46	59	33	65	33
1737	16	어린현무	소현무호분진격3	소현무호분진격2	1	6	1	1	2	45	19	4	49	63	35	69	35
1738	16	어린현무	소현무호분진격4	소현무호분진격3	1	6	1	1	3	45	27	4	52	67	37	73	37
1739	16	어린현무	소현무호분진격5	소현무호분진격4	1	6	1	1	4	45	35	4	55	71	39	78	39
1740	16	어린현무	소현무호분진격6	소현무호분진격5	1	6	1	1	5	45	43	4	58	75	41	82	41
1741	16	어린현무	소현무호분진격7	소현무호분진격6	1	6	1	1	6	45	51	4	61	79	44	87	44
1742	16	어린현무	소현무호분진격8	소현무호분진격7	1	6	1	1	7	45	59	4	64	83	46	91	46
1743	16	어린현무	소현무호분진격9	소현무호분진격8	1	6	1	1	8	45	67	4	67	87	48	96	48
1744	16	어린현무	소현무호분진격10	소현무호분진격9	1	6	1	1	9	45	75	4	70	91	50	100	50
1745	16	어린현무	소현무호분진격11	소현무호분진격10	1	6	1	1	10	45	83	4	73	95	52	105	52
1746	16	어린현무	소현무호분진격12	소현무호분진격11	1	6	1	1	11	45	91	4	77	99	55	109	55
1747	16	현무	현무호분진격	소현무호분진격	1	7	1	1	12	54	3	4	50	64	36	69	36
1748	16	현무	현무호분진격2	현무호분진격	1	7	1	1	1	54	11	4	53	68	38	74	38
1749	16	현무	현무호분진격3	현무호분진격2	1	7	1	1	2	54	19	4	56	72	40	78	40
1750	16	현무	현무호분진격4	현무호분진격3	1	7	1	1	3	54	27	4	59	76	42	82	42
1751	16	현무	현무호분진격5	현무호분진격4	1	7	1	1	4	54	35	4	62	80	44	87	44
1752	16	현무	현무호분진격6	현무호분진격5	1	7	1	1	5	54	43	4	65	84	46	91	46
1753	16	현무	현무호분진격7	현무호분진격6	1	7	1	1	6	54	51	4	68	88	49	96	49
1754	16	현무	현무호분진격8	현무호분진격7	1	7	1	1	7	54	59	4	71	92	51	100	51
1755	16	현무	현무호분진격9	현무호분진격8	1	7	1	1	8	54	67	4	74	96	53	105	53
1756	16	현무	현무호분진격10	현무호분진격9	1	7	1	1	9	54	75	4	77	100	55	109	55
1757	16	현무	현무호분진격11	현무호분진격10	1	7	1	1	10	54	83	4	80	104	57	114	57
1758	16	현무	현무호분진격12	현무호분진격11	1	7	1	1	11	54	91	4	84	108	60	118	60
1759	16	장수거북	수귀투각무참	0	1	4	0	1	0	27	3	5	29	37	21	42	21
1760	16	장수거북	수귀투각무참2	수귀투각무참	1	4	1	1	1	27	11	5	32	41	23	47	23
1761	16	장수거북	수귀투각무참3	수귀투각무참2	1	4	1	1	2	27	19	5	35	45	25	51	25
1762	16	장수거북	수귀투각무참4	수귀투각무참3	1	4	1	1	3	27	27	5	38	49	27	55	27
1763	16	장수거북	수귀투각무참5	수귀투각무참4	1	4	1	1	4	27	35	5	41	53	29	60	29
1764	16	장수거북	수귀투각무참6	수귀투각무참5	1	4	1	1	5	27	43	5	44	57	31	64	31
1765	16	장수거북	수귀투각무참7	수귀투각무참6	1	4	1	1	6	27	51	5	47	61	34	69	34
1766	16	장수거북	수귀투각무참8	수귀투각무참7	1	4	1	1	7	27	59	5	50	65	36	73	36
1767	16	장수거북	수귀투각무참9	수귀투각무참8	1	4	1	1	8	27	67	5	53	69	38	78	38
1768	16	장수거북	수귀투각무참10	수귀투각무참9	1	4	1	1	9	27	75	5	56	73	40	82	40
1769	16	장수거북	수귀투각무참11	수귀투각무참10	1	4	1	1	10	27	83	5	59	77	42	87	42
1770	16	장수거북	수귀투각무참12	수귀투각무참11	1	4	1	1	11	27	91	5	63	81	45	91	45
1771	16	아기현무	유현무투각무참	수귀투각무참	1	5	1	1	12	36	3	5	36	46	26	51	26
1772	16	아기현무	유현무투각무참2	유현무투각무참	1	5	1	1	1	36	11	5	39	50	28	56	28
1773	16	아기현무	유현무투각무참3	유현무투각무참2	1	5	1	1	2	36	19	5	42	54	30	60	30
1774	16	아기현무	유현무투각무참4	유현무투각무참3	1	5	1	1	3	36	27	5	45	58	32	64	32
1775	16	아기현무	유현무투각무참5	유현무투각무참4	1	5	1	1	4	36	35	5	48	62	34	69	34
1776	16	아기현무	유현무투각무참6	유현무투각무참5	1	5	1	1	5	36	43	5	51	66	36	73	36
1777	16	아기현무	유현무투각무참7	유현무투각무참6	1	5	1	1	6	36	51	5	54	70	39	78	39
1778	16	아기현무	유현무투각무참8	유현무투각무참7	1	5	1	1	7	36	59	5	57	74	41	82	41
1779	16	아기현무	유현무투각무참9	유현무투각무참8	1	5	1	1	8	36	67	5	60	78	43	87	43
1780	16	아기현무	유현무투각무참10	유현무투각무참9	1	5	1	1	9	36	75	5	63	82	45	91	45
1781	16	아기현무	유현무투각무참11	유현무투각무참10	1	5	1	1	10	36	83	5	66	86	47	96	47
1782	16	아기현무	유현무투각무참12	유현무투각무참11	1	5	1	1	11	36	91	5	70	90	50	100	50
1783	16	어린현무	소현무투각무참	유현무투각무참	1	6	1	1	12	45	3	5	43	55	31	60	31
1784	16	어린현무	소현무투각무참2	소현무투각무참	1	6	1	1	1	45	11	5	46	59	33	65	33
1785	16	어린현무	소현무투각무참3	소현무투각무참2	1	6	1	1	2	45	19	5	49	63	35	69	35
1786	16	어린현무	소현무투각무참4	소현무투각무참3	1	6	1	1	3	45	27	5	52	67	37	73	37
1787	16	어린현무	소현무투각무참5	소현무투각무참4	1	6	1	1	4	45	35	5	55	71	39	78	39
1788	16	어린현무	소현무투각무참6	소현무투각무참5	1	6	1	1	5	45	43	5	58	75	41	82	41
1789	16	어린현무	소현무투각무참7	소현무투각무참6	1	6	1	1	6	45	51	5	61	79	44	87	44
1790	16	어린현무	소현무투각무참8	소현무투각무참7	1	6	1	1	7	45	59	5	64	83	46	91	46
1791	16	어린현무	소현무투각무참9	소현무투각무참8	1	6	1	1	8	45	67	5	67	87	48	96	48
1792	16	어린현무	소현무투각무참10	소현무투각무참9	1	6	1	1	9	45	75	5	70	91	50	100	50
1793	16	어린현무	소현무투각무참11	소현무투각무참10	1	6	1	1	10	45	83	5	73	95	52	105	52
1794	16	어린현무	소현무투각무참12	소현무투각무참11	1	6	1	1	11	45	91	5	77	99	55	109	55
1795	16	현무	현무투각무참	소현무투각무참	1	7	1	1	12	54	3	5	50	64	36	69	36
1796	16	현무	현무투각무참2	현무투각무참	1	7	1	1	1	54	11	5	53	68	38	74	38
1797	16	현무	현무투각무참3	현무투각무참2	1	7	1	1	2	54	19	5	56	72	40	78	40
1798	16	현무	현무투각무참4	현무투각무참3	1	7	1	1	3	54	27	5	59	76	42	82	42
1799	16	현무	현무투각무참5	현무투각무참4	1	7	1	1	4	54	35	5	62	80	44	87	44
1800	16	현무	현무투각무참6	현무투각무참5	1	7	1	1	5	54	43	5	65	84	46	91	46
1801	16	현무	현무투각무참7	현무투각무참6	1	7	1	1	6	54	51	5	68	88	49	96	49
1802	16	현무	현무투각무참8	현무투각무참7	1	7	1	1	7	54	59	5	71	92	51	100	51
1803	16	현무	현무투각무참9	현무투각무참8	1	7	1	1	8	54	67	5	74	96	53	105	53
1804	16	현무	현무투각무참10	현무투각무참9	1	7	1	1	9	54	75	5	77	100	55	109	55
1805	16	현무	현무투각무참11	현무투각무참10	1	7	1	1	10	54	83	5	80	104	57	114	57
1806	16	현무	현무투각무참12	현무투각무참11	1	7	1	1	11	54	91	5	84	108	60	118	60
1807	16	아기현무	유현무파각진타	0	1	5	0	1	0	36	3	6	36	46	26	51	26
1808	16	아기현무	유현무파각진타2	유현무파각진타	1	5	1	1	1	36	11	6	39	50	28	56	28
1809	16	아기현무	유현무파각진타3	유현무파각진타2	1	5	1	1	2	36	19	6	42	54	30	60	30
1810	16	아기현무	유현무파각진타4	유현무파각진타3	1	5	1	1	3	36	27	6	45	58	32	64	32
1811	16	아기현무	유현무파각진타5	유현무파각진타4	1	5	1	1	4	36	35	6	48	62	34	69	34
1812	16	아기현무	유현무파각진타6	유현무파각진타5	1	5	1	1	5	36	43	6	51	66	36	73	36
1813	16	아기현무	유현무파각진타7	유현무파각진타6	1	5	1	1	6	36	51	6	54	70	39	78	39
1814	16	아기현무	유현무파각진타8	유현무파각진타7	1	5	1	1	7	36	59	6	57	74	41	82	41
1815	16	아기현무	유현무파각진타9	유현무파각진타8	1	5	1	1	8	36	67	6	60	78	43	87	43
1816	16	아기현무	유현무파각진타10	유현무파각진타9	1	5	1	1	9	36	75	6	63	82	45	91	45
1817	16	아기현무	유현무파각진타11	유현무파각진타10	1	5	1	1	10	36	83	6	66	86	47	96	47
1818	16	아기현무	유현무파각진타12	유현무파각진타11	1	5	1	1	11	36	91	6	70	90	50	100	50
1819	16	어린현무	소현무파각진타	유현무파각진타	1	6	1	1	12	45	3	6	43	55	31	60	31
1820	16	어린현무	소현무파각진타2	소현무파각진타	1	6	1	1	1	45	11	6	46	59	33	65	33
1821	16	어린현무	소현무파각진타3	소현무파각진타2	1	6	1	1	2	45	19	6	49	63	35	69	35
1822	16	어린현무	소현무파각진타4	소현무파각진타3	1	6	1	1	3	45	27	6	52	67	37	73	37
1823	16	어린현무	소현무파각진타5	소현무파각진타4	1	6	1	1	4	45	35	6	55	71	39	78	39
1824	16	어린현무	소현무파각진타6	소현무파각진타5	1	6	1	1	5	45	43	6	58	75	41	82	41
1825	16	어린현무	소현무파각진타7	소현무파각진타6	1	6	1	1	6	45	51	6	61	79	44	87	44
1826	16	어린현무	소현무파각진타8	소현무파각진타7	1	6	1	1	7	45	59	6	64	83	46	91	46
1827	16	어린현무	소현무파각진타9	소현무파각진타8	1	6	1	1	8	45	67	6	67	87	48	96	48
1828	16	어린현무	소현무파각진타10	소현무파각진타9	1	6	1	1	9	45	75	6	70	91	50	100	50
1829	16	어린현무	소현무파각진타11	소현무파각진타10	1	6	1	1	10	45	83	6	73	95	52	105	52
1830	16	어린현무	소현무파각진타12	소현무파각진타11	1	6	1	1	11	45	91	6	77	99	55	109	55
1831	16	현무	현무파각진타	소현무파각진타	1	7	1	1	12	54	3	6	50	64	36	69	36
1832	16	현무	현무파각진타2	현무파각진타	1	7	1	1	1	54	11	6	53	68	38	74	38
1833	16	현무	현무파각진타3	현무파각진타2	1	7	1	1	2	54	19	6	56	72	40	78	40
1834	16	현무	현무파각진타4	현무파각진타3	1	7	1	1	3	54	27	6	59	76	42	82	42
1835	16	현무	현무파각진타5	현무파각진타4	1	7	1	1	4	54	35	6	62	80	44	87	44
1836	16	현무	현무파각진타6	현무파각진타5	1	7	1	1	5	54	43	6	65	84	46	91	46
1837	16	현무	현무파각진타7	현무파각진타6	1	7	1	1	6	54	51	6	68	88	49	96	49
1838	16	현무	현무파각진타8	현무파각진타7	1	7	1	1	7	54	59	6	71	92	51	100	51
1839	16	현무	현무파각진타9	현무파각진타8	1	7	1	1	8	54	67	6	74	96	53	105	53
1840	16	현무	현무파각진타10	현무파각진타9	1	7	1	1	9	54	75	6	77	100	55	109	55
1841	16	현무	현무파각진타11	현무파각진타10	1	7	1	1	10	54	83	6	80	104	57	114	57
1842	16	현무	현무파각진타12	현무파각진타11	1	7	1	1	11	54	91	6	84	108	60	118	60
1843	16	아기거북	위협의물결	0	2	1	0	6	0	0	15	7	13	15	11	16	11
1844	16	아기거북	위협의물결2	위협의물결	2	1	1	3	1	0	48	7	26	32	19	36	19
1845	16	아기거북	위협의물결3	위협의물결2	2	1	1	3	2	0	81	7	39	49	27	56	27
1846	16	거북	위협의물결4	위협의물결3	2	1	1	3	3	0	15	7	20	26	14	29	14
1847	16	거북	위협의물결5	위협의물결4	2	1	1	3	4	0	48	7	33	42	23	47	23
1848	16	거북	위협의물결6	위협의물결5	2	1	1	3	5	0	81	7	46	59	32	65	32
1849	16	바다거북	위협의물결7	위협의물결6	2	1	1	3	6	0	15	7	27	34	19	39	19
1850	16	바다거북	위협의물결8	위협의물결7	2	1	1	3	7	0	48	7	40	50	28	57	28
1851	16	바다거북	위협의물결9	위협의물결8	2	1	1	3	8	0	81	7	53	67	37	75	37
1852	16	장수거북	위협의물결10	위협의물결9	2	1	1	3	9	0	15	7	33	43	24	49	24
1853	16	장수거북	위협의물결11	위협의물결10	2	1	1	3	10	0	48	7	46	59	33	67	33
1854	16	장수거북	위협의물결12	위협의물결11	2	1	1	3	11	0	81	7	59	76	42	85	42
1855	16	거북	평귀환체호위	0	2	2	0	1	0	9	3	8	16	20	11	22	11
1856	16	거북	평귀환체호위2	평귀환체호위	2	2	1	1	1	9	11	8	19	24	13	27	13
1857	16	거북	평귀환체호위3	평귀환체호위2	2	2	1	1	2	9	19	8	22	28	15	31	15
1858	16	거북	평귀환체호위4	평귀환체호위3	2	2	1	1	3	9	27	8	25	32	17	35	17
1859	16	거북	평귀환체호위5	평귀환체호위4	2	2	1	1	4	9	35	8	28	36	19	40	19
1860	16	거북	평귀환체호위6	평귀환체호위5	2	2	1	1	5	9	43	8	31	40	21	44	21
